OTUi OTUj pvalue r_coef rand_r_coef skew kurt sd mean_tip_dist_i mean_tip_dist_j i_j_dist anonymized_name
125624 1504042 0.00779922007800005 -0.428094324241 -0.281620717157 2.0301587148579543 7.79430739509 0.0846218004674 0 0 0.42995 F01
1504042 4308835 0.00389961003899997 -0.310699350975 -0.153260532908 1.8045112384347222 6.43279931648 0.082215158488 0 0 0.19057 F01
164430 48084 4.99975000000097e-05 0.438665798356 0.183992175502 -0.10958029044893045 -0.344414555629 0.0805300671866 0 0 0.61098 F01
173773 48084 0.00339966003400005 -0.354865184881 -0.160023789749 0.87269176252662 3.23322883418 0.0809809386872 0 0 0.52974 F01
173851 4478815 0.00629937006299996 0.279787345019 -0.0886085671676 0.8548448663792947 2.278432528 0.082435068942 0 0 0.50693 F01
4478815 4481613 0.000599940006000055 -0.316257113737 -0.066350727 -0.02973699085951072 0.0737689056809 0.0807867448721 0 0 0.61296 F01
176312 4423553 0.00989901009899996 -0.310638718886 -0.144755808758 0.5946571673642445 0.65520419268 0.0831708440519 0 0 0.39166 F01
183829 4423553 0.00479952004799999 -0.343204219657 -0.161024896097 0.4210309294186784 0.388866603955 0.0814891032643 0 0 0.1132 F01
2056702 3907189 0.00889911008900002 -0.223339469904 0.0116849369425 0.09039523675990725 0.0891560927238 0.0821395867833 0 0 0.29756 F01
2056702 4308835 0.00269973002699997 -0.498711872513 -0.312251489978 0.3056909998722063 0.0619328094641 0.0748857135908 0 0 0.06844 F01
2339949 4423553 0.00809919008100002 -0.353337644936 -0.180819401246 0.533562949338488 0.665288648688 0.0835215608131 0 0 0.41529 F01
311947 3236435 0.000199980002000055 -0.324845003325 -0.0366364587204 0.05229291343531678 0.0349279167398 0.0821502017769 0 0 0.00912 F01
3236435 4468234 0.00429957004299997 -0.243681491465 0.0103144608126 0.05066841709644029 0.0151430594867 0.0830526030303 0 0 0.85064 F01
3236435 4481613 0.00449955004500002 0.255793460283 -0.0438986558355 -0.0018791012308382253 -0.015689687122 0.0813938697172 0 0 0.8985 F01
360890 3236435 0.002799720028 -0.314294222467 -0.0604437179745 -0.06099892507626625 0.413263848613 0.0828634153306 0 0 0.86932 F01
3943186 183439 0.00779922007800005 -0.256469499928 -0.0469924190169 0.9926238755199236 2.35991873468 0.0837939362353 0 0 0.21351 F01
4143073 798581 0.00229977002299997 -0.371683844953 -0.150980259286 0.07231925200059085 0.062838202744 0.0818638624391 0 0 0.3988 F01
4217963 4423553 0.00669933006699996 -0.299135683781 -0.133650271974 0.7115294930217209 0.943547262832 0.0835109913265 0 0 0.40094 F01
4306262 798581 0.00439956004399999 0.252351686431 0.0258907579144 0.09388397768676852 -0.0253241493516 0.0834707185208 0 0 0.61425 F01
4327141 4308835 0.00539946005400005 -0.263698295127 -0.106604823416 1.2902816468736502 2.66654674393 0.0827028634235 0 0 0.40948 F01
4328550 173773 0.00889911008900002 0.220201146756 -0.0207176532215 -0.003589922470221285 -0.053920334971 0.0820098969203 0 0 0.47121 F01
4328550 3907189 0.000499950005000027 0.280979904219 0.000283335132718 -0.01528526754729004 -0.10695373917 0.0830193030332 0 0 0.14305 F01
4328550 4447072 0.000199980002000055 0.371650799997 0.104729842798 -0.060860395809609454 -0.1185689468 0.0811647592734 0 0 0.61589 F01
4423553 3236435 0.000399960004 -0.305811270511 -0.0317422118832 0.04034559447044815 0.110070077972 0.0820050779314 0 0 0.21941 F01
4423553 48084 0.000599940006000055 -0.416490649372 -0.176172794939 0.555760283550089 0.740250405349 0.0812883166646 0 0 0.11905 F01
4426438 3236435 1.99995999999869e-05 -0.421878067201 -0.0651474134564 0.0010077416302620087 0.00841208626632 0.0825533851814 0 0 0.07117 F01
4426438 48084 0.000199980002000055 -0.318567101039 -0.0779567495151 0.5634708093445427 0.459763588153 0.0819543533218 0 0 0.21191 F01
4447072 48084 0.00539946005400005 -0.303484496045 -0.0849274216063 1.2123131224597636 4.49644640592 0.0821658170739 0 0 0.67442 F01
110944 125624 0.000199980002000055 -0.400433627847 -0.15149222939 0.07476118928465178 -0.00200295580386 0.070636117189 0 0 0.11267 M01
110944 28218 0.00659934006600005 -0.199704089223 -0.00462304259843 0.02147692523726832 -0.000598058266096 0.0720388407007 0 0 0.10396 M01
110944 4478815 0.001199880012 -0.25750701854 0.035958281176 0.019880628450102876 -0.0324785377857 0.071265961238 0 0 0.22431 M01
1142029 3708846 0.00329967003300002 0.341516993643 0.130401221943 0.22895407825491151 0.231490162251 0.0708358778542 0 0 0.75444 M01
1142029 3907189 0.000199980002000055 0.381585231592 0.130499891696 0.014204269122579563 0.0454001557567 0.0712526370823 0 0 0.71977 M01
1142029 4481613 0.00889911008900002 -0.460152849117 -0.313344247052 0.19836830025253036 0.0653581899318 0.0665782744477 0 0 0.82019 M01
1142029 528865 0.000299970002999972 0.330806452657 0.0532083556689 0.09094493559651833 0.0547601563692 0.0721732729023 0 0 1.26459 M01
1142029 841635 0.00199980002 0.340975049059 0.108719011565 0.2021398323662388 0.248984136134 0.0716462711786 0 0 0.85575 M01
125624 186321 0.000299970002999972 -0.273136727258 -0.0232386700514 -0.04956423580033201 -0.0417008842216 0.0720814501552 0 0 0.31053 M01
125624 359872 0.000299970002999972 0.339270855642 0.0742731579384 0.17477335934244517 0.016137540366 0.0709688387933 0 0 0.47565 M01
125624 4242681 0.00169983001700003 -0.220793967624 0.00182415362528 -0.08807159374428962 -0.00546482853448 0.0727118117224 0 0 0.12326 M01
125624 528865 0.000199980002000055 0.420285376267 0.11888312514 0.21761754784755497 0.0157525741206 0.0714076516346 0 0 0.97836 M01
125624 841635 0.000699930006999971 0.308817418979 0.0639579064879 0.3409680403986656 0.0787432133545 0.0710323349893 0 0 0.69696 M01
125624 846127 0.00899910009000005 0.259768417217 0.0866688150143 0.05492761283909297 -0.051954188076 0.0722189128523 0 0 0.54744 M01
176312 315846 0.00169983001700003 0.227954638063 0.0132914476377 -0.017445846945372354 -0.0530753029468 0.072705698356 0 0 0.46367 M01
176312 3907189 0.00849915008500002 0.287623079415 0.126019559619 -0.04367259170215703 -0.0270874348909 0.0709155123319 0 0 0.22527 M01
181432 185420 0.000299970002999972 -0.271955585614 0.0117405099565 0.009891000367022769 -0.0264418059699 0.0724503479288 0 0 0.30803 M01
181432 3708846 9.99900010000276e-05 -0.374926870048 -0.151302237511 0.1697138926504719 0.39371236931 0.0716400753979 0 0 0.52542 M01
181432 4453609 9.99900010000276e-05 -0.261810686253 -0.0112340246198 0.01591027629826738 -0.0620634548631 0.0719741920203 0 0 0.33483 M01
181432 841635 0.00919908009199999 -0.363205190877 -0.204862200783 0.05673550888814773 -0.0125323797451 0.069102414425 0 0 0.75417 M01
4476527 3708846 0.00729927007300002 -0.28701986021 -0.110770591776 -0.3072216775888673 -0.314792186585 0.0726412632348 0 0 0.54526 M01
4476527 3907189 9.99900010000276e-05 -0.285215004736 -0.0434126383846 -0.01706448807195672 -0.0490099922825 0.0724910764395 0 0 0.54439 M01
4476527 4346675 0.00869913008699996 0.246927376477 0.0762847270125 -0.02372630794577168 -0.0508234938993 0.0725208634467 0 0 0.14183 M01
4476527 528865 0.00149985001499997 -0.24395361861 0.0403840523749 -0.1327952366526208 -0.105997393044 0.0725148255311 0 0 1.19439 M01
4476527 841635 0.00109989001099997 -0.239415534072 -0.0323117148811 -0.17747970382331366 -0.254891572855 0.0723526527552 0 0 0.91299 M01
4476780 176312 0.00439956004399999 0.20559382481 0.00778531998451 -0.008063490194986684 -0.109703953031 0.0729352577465 0 0 0.27536 M01
4476780 28218 0.00329967003300002 0.212771421547 -0.00442259176497 -0.03666247881320713 -0.0569733047717 0.0727212511973 0 0 0.3418 M01
4476780 3907189 0.000399960004 -0.266255257943 0.0209382213619 -0.004497257001522872 0.0179036379058 0.0723069443309 0 0 0.33651 M01
4476780 4045886 0.000499950005000027 0.259064831502 0.00988880668444 -0.012565643471644539 -0.0136285578552 0.0724956987271 0 0 0.40585 M01
4476780 4144205 0.00329967003300002 -0.20619345845 0.0139089476985 -0.05912528285146161 -0.141195272843 0.0723455222919 0 0 0.37172 M01
4476780 4327141 0.001199880012 0.236052194208 -0.00410130215532 -0.021393668794306386 -0.0675015366806 0.0720643091043 0 0 0.40191 M01
4476780 4457872 0.00889911008900002 -0.21122362603 0.0436686293656 -0.005039677428021981 -0.0727557242598 0.0711266417147 0 0 0.40113 M01
4476780 4468234 0.000199980002000055 -0.296485519496 -0.0488547701701 0.04011017364948542 -0.0602159480903 0.0720780643573 0 0 0.40403 M01
4477861 185420 0.00629937006299996 -0.225348985935 -0.0496544905637 0.03537373192945403 -0.00159068698914 0.0726751272639 0 0 0.38512 M01
4477861 208479 0.00539946005400005 -0.196238856179 -0.0102981623507 0.1359879917462044 0.0157077231823 0.0723852469691 0 0 0.32809 M01
4477861 315846 0.001199880012 -0.234442041719 0.0107982912925 0.029149299682422598 -0.0673157765016 0.0727515351106 0 0 0.4608 M01
4478125 125624 0.003599640036 -0.235143957039 0.0420941381278 0.003137330723933791 0.0504367312695 0.0725195477173 0 0 0.47806 M01
4478125 1803030 0.00459954004600005 -0.287704389956 -0.104519681175 0.02315447483277825 0.00570784793246 0.0712763115851 0 0 0.40877 M01
4478815 208479 0.002799720028 0.301316818664 0.0974030963693 0.08754630031998463 -0.0721377766357 0.0711689201148 0 0 0.69231 M01
4478815 4194837 0.00739926007400005 0.24041427328 0.0615025664316 -0.014367896724415997 -0.0523367250011 0.0734385475723 0 0 0.12225 M01
4478815 528865 0.00529947005300002 0.214839183091 -0.0446702039267 0.12866658403620923 -0.023664775792 0.0713862377588 0 0 0.96666 M01
4479397 4365130 4.99975000000097e-05 -0.328299801112 -0.0461381480693 0.025021987164765426 0.000846046757579 0.0714975712159 0 0 0.14092 M01
4479397 846127 0.000699930006999971 -0.26134507377 -0.0402309899136 0.0458620128096715 -0.0174718405813 0.0725435947599 0 0 0.1656 M01
4481613 181432 0.00529947005300002 0.220402108183 0.0421711333607 -0.018347941586573855 -0.0649974782658 0.0713534746941 0 0 0.68187 M01
4481613 3708846 0.000199980002000055 0.430877435783 0.0860496902779 0.9710529323915541 2.91214334096 0.0716638534812 0 0 0.70711 M01
4481613 4346675 0.00479952004799999 -0.333302039703 -0.150289369006 0.16130670106516987 0.246861078899 0.0716454744251 0 0 0.89022 M01
4481613 528865 0.00959904009599999 0.261551227367 0.0617144777417 0.4538198236957911 0.651730788387 0.0721192646992 0 0 1.21726 M01
4481613 841635 0.002399760024 0.410863760402 0.123651826377 0.7113124769230021 1.68934718893 0.0707864382903 0 0 0.84516 M01
528865 125624 0.00519948005199999 0.311905773881 0.118291450356 0.1899220772836382 -0.0122148755268 0.0713438953839 0 0 0.97836 M01
528865 28218 0.00259974002600005 0.228745492707 0.00265363344969 0.11381273174594005 0.124554903327 0.0728378714629 0 0 1.03143 M01
528865 4327141 0.00869913008699996 0.191269366565 -0.00244414558683 0.1171681337765609 0.0414412505558 0.0722899103115 0 0 1.09154 M01
528865 4365130 0.00339966003400005 -0.260838106131 -0.0824839568236 0.18185582324698615 0.138084245705 0.0718788237305 0 0 0.96482 M01
841635 28218 0.00969903009700002 0.223954733336 0.0401444567867 0.1716285329049351 0.229862718844 0.0729446585731 0 0 0.75003 M01
185420 181432 0.00209979002100003 -0.224607994716 0.00975866073156 0.014267821508052845 0.0769031479716 0.0721957145019 0 0 0.30803 M01
185420 184394 0.00619938006200005 -0.223970619755 -0.0171899378738 0.2340802279306268 0.736654933863 0.0735031400242 0 0 0.36016 M01
185420 3708846 0.00339966003400005 -0.421897697141 -0.252791987902 0.06879501261790459 0.0212404093714 0.0673086147326 0 0 0.40901 M01
185420 4045886 0.00819918008200005 0.195805552119 -0.0226616151435 -0.0007499889038556761 -0.0331733952266 0.0718878473134 0 0 0.44368 M01
185420 4365130 0.00819918008200005 -0.19593290743 0.0227051721764 -0.03358369575624416 -0.036630053888 0.0721180835247 0 0 0.38782 M01
186321 125624 9.99900010000276e-05 -0.304820386955 -0.021452766573 -0.06113582167933019 -0.0384259415339 0.0724569593091 0 0 0.31053 M01
186321 4194837 0.00439956004399999 -0.211409343113 0.0214939089181 -0.004036702162225752 -0.0750163703434 0.0723610680035 0 0 0.249 M01
2339949 125624 0.00109989001099997 -0.282536607941 0.068725288274 -0.043273564530392335 0.0317617966657 0.0720025785211 0 0 0.08268 M01
2339949 1803030 0.000699930006999971 -0.367975813305 -0.142703931984 0.002546699849663688 -0.000153418108859 0.0696073274443 0 0 0.11815 M01
2339949 4194837 0.003599640036 -0.250040880452 -0.0553668709862 -0.00925299013017237 -0.0178683423275 0.0722251485123 0 0 0.14449 M01
2407149 4242681 0.00619938006200005 0.232580210682 0.0542835654033 -0.03876683918927573 -0.0148195881851 0.0721953314543 0 0 0.24451 M01
2582660 3907189 0.00129987001300003 0.320515420611 0.116879048832 -0.055924145956000315 -0.0425456353834 0.0705804881965 0 0 0.13522 M01
28218 359872 0.00969903009700002 0.185701200664 0.00374059641111 0.12005233220079052 -0.0969982125401 0.072252021991 0 0 0.52872 M01
28218 4476780 0.00959904009599999 0.187563625712 -0.00271417556683 0.024935268441494355 -0.0200496718042 0.0734085102697 0 0 0.3418 M01
28218 528865 0 0.365449754177 0.0034400403596 0.1365566693523607 0.00323072557315 0.0724257512844 0 0 1.03143 M01
28218 841635 2.4999375000001e-05 0.33956090221 0.0407376262144 0.15246781019161051 0.218004128509 0.0724868723683 0 0 0.75003 M01
311947 3398712 0.00339966003400005 0.250077964055 0.0395043729622 0.07453150714204454 0.289410463585 0.0719061171195 0 0 0.59392 M01
311947 4447950 0.00649935006500002 0.281137047694 0.101524537316 -0.03945634730076272 0.0184045407515 0.071357082127 0 0 0.82102 M01
311947 4454586 0.00829917008299996 0.206748062122 0.00899056538518 0.08510025409679497 0.351963699624 0.0730899565953 0 0 0.92185 M01
315846 176312 0.000599940006000055 0.242922365751 0.010749512836 -0.010623075623367444 -0.0608636575013 0.07313771535 0 0 0.46367 M01
315846 3907189 0.00169983001700003 -0.233241102099 -0.023796740935 -0.013423177775031443 0.0412095364901 0.0713405721926 0 0 0.52482 M01
3537197 183296 0.00639936006399999 -0.266731910546 -0.0959986648026 0.008869970180108877 -0.151690777518 0.0710276577334 0 0 0.12057 M01
3537197 359872 0.00949905009499996 0.187253325309 4.69532686285e-05 -0.04685404648647399 -0.0923701462884 0.0730150446794 0 0 0.41379 M01
3537197 4468234 0.000799920007999999 0.260932621806 -0.0229156800814 0.0009486995117861926 0.00681707686758 0.0716343171017 0 0 0.51494 M01
3537197 528865 0.00189981001899997 0.268476123291 0.067507796919 -0.08562864981525689 -0.0335324550452 0.0722681459775 0 0 0.9165 M01
359872 125624 0.00429957004299997 0.27547340548 0.0738832805912 0.19308962654494305 0.0581002129376 0.0714019280966 0 0 0.47565 M01
3609545 528865 3.3332221999971e-05 0.340555344675 0.0811630948664 0.00777850506383139 0.149434450274 0.0713265700597 0 0 1.00033 M01
3609545 841635 0.00999900009999999 0.251916822952 0.078994491176 -0.030974487587127106 0.693089455087 0.0713850937944 0 0 0.71893 M01
3709560 4447950 0.00489951004900002 -0.203626643221 -0.014656863882 0.0007570890977448138 0.0653275249986 0.0718170543066 0 0 0.57632 M01
3907189 311947 0.00229977002299997 0.224994794178 -0.0199457801514 0.0540124781602363 -0.0341492267513 0.0730295018363 0 0 0.5934 M01
3907189 3708846 9.99900010000276e-05 -0.455819980915 -0.20677332064 0.4943411176513163 1.05223997541 0.0699463562646 0 0 0.41081 M01
3907189 528865 2.4999375000001e-05 -0.470578762697 -0.219988016999 0.2164332146438805 0.168187983449 0.0693791357642 0 0 1.02614 M01
3907189 841635 0 -0.410626407666 -0.11651559386 0.3859476391771174 0.753093158812 0.0726013580062 0 0 0.74474 M01
3931537 2407149 9.99900010000276e-05 -0.296329559979 -0.0226304574169 0.016788892230979097 -0.0431562540217 0.0730952252585 0 0 0.2735 M01
3931537 3581686 0.000899910009000027 -0.241441253874 -0.0345572895996 0.04193508447135587 -0.0888718898841 0.0719046847756 0 0 0.23595 M01
3931537 4194837 0.00369963003700002 -0.233908082524 -0.0475611634967 0.015229957042291707 -0.107503211334 0.0718638658113 0 0 0.2159 M01
4045886 208479 0.00569943005700002 0.272530193028 0.093728969863 0.012607125096788905 -0.105352130306 0.0716431417609 0 0 0.82113 M01
4045886 4194837 0.00459954004600005 0.26445014041 0.0750694458164 -0.021323006031753855 -0.00415359934852 0.0725465134844 0 0 0.25135 M01
4045886 4476780 0.00969903009700002 0.18982548289 0.0115511494902 0.009009292392347771 -0.0656431766158 0.072790840262 0 0 0.40585 M01
4143073 181432 0.00109989001099997 0.291843421108 -0.0778982462428 0.010936032901024684 -0.0654086315402 0.0724713496314 0 0 0.49462 M01
4143073 3708846 0.00779922007800005 0.197716442625 0.0323632205431 -0.013394183798986662 -0.291084752936 0.0719699064025 0 0 0.41468 M01
4143073 4447950 0.00139986001400005 0.233275537701 0.00286744241947 0.025613566135441426 -0.00318812479569 0.0716585878899 0 0 0.60763 M01
4217963 2407149 0.00809919008100002 -0.192361197263 -0.00269269405089 -0.041649010927682154 -0.0392698450292 0.072693323529 0 0 0.18284 M01
4242681 125624 5.55552500003387e-06 -0.342741138386 0.00270347260962 -0.06477623286902706 -0.0262478114452 0.0723745427543 0 0 0.12326 M01
4242681 1803030 0.00639936006399999 -0.386576823519 -0.215799505394 -0.031071117975144974 -0.00194684851695 0.0685616693474 0 0 0.16547 M01
4242681 181432 0.001199880012 0.220772108203 -0.00792157706443 0.008722839341672721 -0.0454008343262 0.0718757015835 0 0 0.50055 M01
4301511 3708846 0.00619938006200005 0.350960828571 0.149174275272 0.28282393843437637 0.39734290677 0.0699623580087 0 0 0.60156 M01
4301511 4346675 0.00589941005899997 -0.319132922511 -0.148461678358 0.09166070958416223 0.0269859477111 0.0698305477888 0 0 0.78467 M01
4301511 4447950 0.00519948005199999 0.21374734765 0.0276934838407 0.0014518694169247271 -0.038110432108 0.0722934134225 0 0 0.68933 M01
4327141 208479 0.00389961003899997 0.281005078204 0.089874559551 0.10724769614244471 -0.0854248574785 0.0711075264633 0 0 0.81719 M01
4327141 528865 0.000499950005000027 0.263622914142 -0.00181606845371 0.1150967900827075 0.0138604901719 0.0714769868973 0 0 1.09154 M01
4327141 841635 0.00579942005800005 0.208152006217 0.00707834596895 0.12562079862821965 0.260331639379 0.0717416450822 0 0 0.81014 M01
4328550 185420 0.002399760024 0.264615232843 0.0539452750101 -0.006061407140649512 -0.0160666292046 0.0728318132307 0 0 0.37637 M01
4328550 186321 0.00149985001499997 -0.226529122986 -0.00680433369176 -0.03323652275538444 -0.0533438190482 0.0723695178205 0 0 0.36034 M01
4328550 3708846 0.00369963003700002 0.417807010031 0.210440849026 0.3269494860761808 0.280663900709 0.0678630822434 0 0 0.41284 M01
4328550 528865 1.4285510000045e-05 0.517759490376 0.204779447117 0.10427908561230059 0.0207057241207 0.0693271773309 0 0 1.02817 M01
4328550 841635 9.99900010000276e-05 0.450867539778 0.196084223975 0.19269733739594558 0.0494957288755 0.0689806066742 0 0 0.74677 M01
4328550 846127 0.00529947005300002 0.444106166539 0.274495726464 0.0346451217467998 -0.043782392161 0.0675354065103 0 0 0.59725 M01
4346675 528865 0.000899910009000027 0.459003540462 0.228479525773 0.08082785246229221 0.122948073765 0.0687235186467 0 0 1.24392 M01
4346675 841635 0.00169983001700003 0.470672111398 0.240565902381 0.18144693389044017 0.443998321277 0.0670286575112 0 0 0.96252 M01
4365130 185420 0.000299970002999972 -0.270315680832 0.0229394652096 -0.0036622993287303827 -0.0702996621168 0.0728499787441 0 0 0.38782 M01
4365130 4378081 0.00819918008200005 -0.262925366777 -0.0926635606906 0.047927258199706245 0.0349658424756 0.0711898902668 0 0 0.11377 M01
4365130 4453609 0.00619938006200005 -0.202856584421 0.0141062911968 0.03763960832254322 0.0245487846931 0.0724130414496 0 0 0.41462 M01
4365130 528865 0.00839916008399999 -0.248490579397 -0.0810640749164 0.14166762042316852 0.0215843261247 0.073048332521 0 0 0.96482 M01
4426438 1803030 0.00959904009599999 -0.191484479094 -0.0071612351069 0.0551458723896712 0.0524280361924 0.0721309291639 0 0 0.4286 M01
4426438 3907189 0.00389961003899997 0.259039270627 0.070209480944 -0.006867460446494576 -0.00898616725999 0.0712615249755 0 0 0.54567 M01
4447072 185420 3.99991999999738e-05 -0.375131406757 -0.110136789105 0.0186197698487553 -0.0295275352209 0.0711669220607 0 0 0.43114 M01
4447072 208479 9.99900010000276e-05 -0.289605148997 -0.0245635414358 0.02446741882863457 0.0504914548894 0.0727453337255 0 0 0.37411 M01
4447072 3708846 9.99900010000276e-05 -0.404641152458 -0.13176954278 0.11401277718442619 0.345409939023 0.0715286787679 0 0 0.64853 M01
4447072 4378081 0.000299970002999972 -0.310225479551 -0.0718975731828 -0.008963611686072967 -0.0427980722986 0.070980436801 0 0 0.03793 M01
4447072 4453609 0.00329967003300002 -0.294753051367 -0.10606719541 0.049501151316392454 -0.0120198341435 0.0715041036192 0 0 0.45794 M01
4447072 4476780 0.00339966003400005 -0.216761709587 0.012938525957 -0.011331410055353009 0.0104858983967 0.0726778162663 0 0 0.39331 M01
4447072 528865 0.001599840016 -0.236963753243 0.0236351652909 0.024820589529832234 0.0224607517206 0.0715497993476 0 0 1.00814 M01
4447072 846127 0.000499950005000027 -0.417577974775 -0.197164260869 0.11526225954174381 0.0241579026813 0.0698617089666 0 0 0.1574 M01
4447950 1803030 0.00739926007400005 0.205116020732 0.0236015760273 -0.018087079808237417 -0.00734882414031 0.0723008963766 0 0 0.48669 M01
4447950 185420 0.00699930007000005 -0.398819244006 -0.227955166621 0.004141828423578836 -0.0197559081634 0.0703968345803 0 0 0.42104 M01
4447950 28218 0.00349965003499997 0.297767740688 0.109475476569 -0.046539376251372375 0.0197956771823 0.0711658167759 0 0 0.60905 M01
4447950 3609545 0.00549945005499997 0.327035196844 0.154348382464 -0.05483396322807527 -0.0139225047153 0.0708755147503 0 0 0.57795 M01
4447950 3708846 0.00759924007599999 -0.368842889456 -0.196390469501 0.08542109279601658 0.0803910306679 0.0688050011318 0 0 0.63843 M01
4447950 3907189 0.00689931006900002 -0.247731285834 -0.0741437411365 0.02246303427293705 -0.13607494106 0.072308047423 0 0 0.60376 M01
4447950 4378081 0.00729927007300002 -0.214940376538 -0.0419874636498 0.018664293859328884 -0.0594273292491 0.0714767802441 0 0 0.02783 M01
4453609 125624 0.00489951004900002 0.217861510017 0.0325202046446 0.06561110437275555 -0.015841689117 0.0720488753152 0 0 0.35336 M01
4453609 3907189 0.00199980002 -0.223157559999 -0.0136539500818 0.07594423090654721 0.066185158253 0.0725709843453 0 0 0.40114 M01
4453609 4045886 0.00889911008900002 0.197886672412 -0.0261879721436 -0.03885887630507955 -0.0458186806445 0.0728010639044 0 0 0.47048 M01
4453609 4327141 0.00549945005499997 0.212126890476 0.0287621482238 0.0015884077608265162 -0.014632802593 0.0721932484605 0 0 0.46654 M01
4467447 208479 0.000399960004 -0.293391393754 0.0421110486673 0.19847411894034594 0.0386753287201 0.0721969073471 0 0 0.36402 M01
4468234 185420 0.002799720028 -0.353565297112 -0.149606059562 0.002755391978980562 -0.0161762554303 0.0714040094681 0 0 0.44186 M01
4468234 2582660 0.00429957004299997 0.232238385555 0.0433879579937 0.024365391688410388 -0.0276251363837 0.0720684516352 0 0 0.61878 M01
4468234 315846 0.00299970003000005 -0.272568990125 -0.0799899068852 0.04237496037555424 -0.0312763458044 0.0722280790212 0 0 0.51754 M01
4468234 3708846 1.66663889999974e-05 -0.418451619401 -0.172073608543 -0.03623819965658632 -0.377504691681 0.0697038308152 0 0 0.65925 M01
4468234 528865 0.00139986001400005 -0.408223161421 -0.202648790399 0.0005596685161990082 -0.0584630946511 0.069767475177 0 0 1.01886 M01
4468234 841635 0.00589941005899997 -0.397786056327 -0.2319722559 -0.010078100549370757 -0.215813531648 0.0683035693769 0 0 0.888 M01
4468234 846127 0.00339966003400005 -0.468608102723 -0.288167312273 0.0620397733583599 -0.0211886509686 0.067265117536 0 0 0.16812 M01
145236 175036 9.99900010000276e-05 -0.498120833249 -0.205463321005 0.5926552800604048 0.761558707004 0.101511523695 0 0 0.42336 M02
145236 4217963 0.00109989001099997 -0.613207312335 -0.397140673593 0.7398372898785001 1.16693776726 0.0910374512804 0 0 0.42042 M02
145236 4308835 0.00129987001300003 -0.709365276783 -0.536656575072 0.8960590850637142 1.57246497881 0.0765010064487 0 0 0.44023 M02
145236 4328550 0.00139986001400005 -0.63517258351 -0.424555344179 0.7359429407794165 1.25494471892 0.088774762544 0 0 0.47432 M02
145236 4434579 0.000299970002999972 -0.559469657692 -0.267083644478 0.8690605409256557 2.07464063132 0.102238513136 0 0 0.93965 M02
145236 4481613 0.00439956004399999 -0.378941703295 -0.157323522982 0.8449801302213883 1.45267418533 0.105950950674 0 0 0.57271 M02
173876 3609545 0.00289971002900002 -0.591853316119 -0.411572063107 1.4921301238308071 4.6847442584 0.0944088024839 0 0 0.57016 M02
173876 4434579 0.00509949005099997 -0.516100559544 -0.322103814249 1.6448095930834723 5.71887202328 0.0978493940218 0 0 1.06333 M02
211720 175036 2.4999375000001e-05 -0.557572484212 -0.272521280435 0.5787623441036174 0.53215150929 0.098833931472 0 0 0.53197 M02
211720 176312 0.00529947005300002 -0.68964212056 -0.528237724157 0.594151463074449 0.868191271338 0.0776699438334 0 0 0.51975 M02
211720 2582660 0.00269973002699997 -0.660729011416 -0.477017596737 0.6776397921860261 0.927973970549 0.0827660567 0 0 0.5751 M02
211720 3609545 0.00269973002699997 -0.625669306785 -0.430849034695 0.7405451645830353 0.981482852788 0.0880713138826 0 0 0.55509 M02
211720 4217963 0.00429957004299997 -0.612715686035 -0.42880025322 0.7261439094842048 1.09986373882 0.0873931756063 0 0 0.52903 M02
211720 4327141 0.000899910009000027 -0.676347684325 -0.475546524568 0.5968356771873645 0.70865395493 0.082328839702 0 0 0.6463 M02
211720 4328550 0.000199980002000055 -0.586544484252 -0.3464862471 0.7207249921990804 1.10675890682 0.0943965649337 0 0 0.58293 M02
211720 798581 0.00919908009199999 -0.337145699899 -0.120291842226 0.39942277172890467 0.275062145229 0.104645314452 0 0 0.59969 M02
2771899 175036 0.000199980002000055 -0.386564575268 -0.0181524441343 0.21783320065074133 0.00761813450536 0.103183244358 0 0 0.2584 M02
2771899 3609545 0.000999900010000054 -0.39272092613 -0.125481432504 0.33406743289147034 0.0319527634825 0.101516952593 0 0 0.28152 M02
2771899 4308835 0.00589941005899997 -0.562614987526 -0.389715974341 0.5374021754817051 0.0731899537093 0.0895439044493 0 0 0.07821 M02
2771899 4328550 0.00329967003300002 -0.384223909076 -0.144814488309 0.332833687109329 0.0575320002322 0.101020609364 0 0 0.30936 M02
2771899 4434579 0.00569943005700002 -0.392112161861 -0.17465268598 0.3270138960125299 0.0443864030368 0.100001703391 0 0 0.87987 M02
2771899 4481613 0 -0.519022416609 -0.158473583959 0.31339865522500837 0.0684346936062 0.102625434889 0 0 0.60363 M02
3138798 4434579 0.00449955004500002 -0.371657955609 -0.123526201832 0.2860876047482584 0.0865410533027 0.10266989974 0 0 1.09918 M02
3138798 4481613 0.002399760024 -0.420441586693 -0.159920069775 0.22502839343597608 -0.0577709339589 0.102589710524 0 0 0.73224 M02
315846 175036 0.00589941005899997 -0.292431984984 -0.0385414176955 0.7805238926177914 0.712310830292 0.10302337298 0 0 0.47589 M02
4300690 175036 0.000199980002000055 -0.420220323664 -0.0749854168979 0.5497626235598884 0.50542799176 0.104402282323 0 0 0.5562 M02
4300690 176312 0.00129987001300003 -0.676531123073 -0.479894605748 0.6466401897513697 0.738296259741 0.0837547729473 0 0 0.54398 M02
4300690 183798 0.000799920007999999 -0.630059702358 -0.421796145498 0.7307497090627963 0.916284520918 0.0885154372656 0 0 0.96488 M02
4300690 2582660 0.002799720028 -0.58220999757 -0.371526105804 0.6991974867831582 0.909117450175 0.0920708530094 0 0 0.59933 M02
4300690 3609545 0.000299970002999972 -0.537083249813 -0.282452722196 0.7760528313868086 1.16504713293 0.0979929446735 0 0 0.57932 M02
4300690 4217963 3.3332221999971e-05 -0.551394393677 -0.284362652054 0.7745768159845688 1.01778026233 0.0988285429674 0 0 0.55326 M02
4300690 4308835 0.00619938006200005 -0.525652887088 -0.342172853447 0.8980685266868282 1.28533803407 0.0949682485984 0 0 0.53927 M02
4300690 4327141 0.000199980002000055 -0.609537458112 -0.349331917321 0.6252398285762036 0.801138536012 0.0931342348137 0 0 0.67053 M02
4300690 4328550 0.000799920007999999 -0.472493197633 -0.241416474479 0.7735273165640151 1.07870807144 0.0994482454393 0 0 0.60716 M02
4300690 4434579 0.000299970002999972 -0.376763159708 -0.120210866553 0.7102069980484889 0.920574647702 0.102404572321 0 0 1.17767 M02
4300690 4474759 0.00389961003899997 -0.570628601778 -0.365014588416 0.5159858332874797 0.513116723468 0.0932629067259 0 0 0.93172 M02
4300690 4476527 0.00209979002100003 -0.590279173876 -0.378411038869 0.6308963034817208 0.771524905599 0.0918632816788 0 0 0.44056 M02
4300690 4481613 0.00369963003700002 -0.313171908227 -0.0262374942534 0.6313321081132203 0.630646930257 0.104688775115 0 0 0.90143 M02
4365130 4481613 0.00149985001499997 -0.438714858067 -0.241564281378 1.187044955609386 1.74553555849 0.102614234847 0 0 0.76166 M02
4453609 175036 0.003599640036 -0.301603096288 -0.113860805174 1.1118678344731268 1.28851897743 0.101778597442 0 0 0.35221 M02
4453609 4481613 0.00499950005000005 -0.318912766777 -0.143609306935 1.4116366496432196 2.49135118226 0.103415417702 0 0 0.59226 M02
4468234 175036 0.00209979002100003 -0.379405525214 -0.153756664311 0.578498315551255 0.439065256112 0.101532666762 0 0 0.57565 M02
4468234 4481613 0.000199980002000055 -0.469140263948 -0.210689028379 0.7380803998161292 0.764218035904 0.101798381716 0 0 0.8157 M02
4481131 3609545 0.00669933006699996 -0.573132441656 -0.402983441466 0.7331879191787588 0.660997273523 0.0904761117111 0 0 0.51777 M02
