	chao1	shannon	observed_otus
2.01.M02.S.742851	1002.21052632	6.20427420634	634.0
1.23.M02.S430P.742922	1178.1686747	6.69660243827	694.0
2.05.M02.S.742487	1084.21782178	6.81466030811	703.0
2.10.M02.SB.742651	1030.89690722	6.71707995319	673.0
1.24.M02.S1030A.743577	1001.6635514	7.11554486621	699.0
1.27.M02.S430P.743632	788.986486486	6.36439065129	536.0
1.24.M02.S5P.743032	1158.0	6.59599999643	711.0
2.02.M02.S.742295	998.517241379	6.53349287998	635.0
2.20.M02.SA.743086	1184.93814433	6.77745547318	707.0
3.8.M02.S.742983	984.151898734	6.39771876397	587.0
3.4.M02.S.742860	1140.0	6.70694150736	727.0
3.11.M01.S805.742320	948.678571429	6.18292604324	587.0
3.13.M01.S700.742501	982.541666667	6.12700177158	564.0
2.23.M03.S.9P.742299	1036.95789474	6.04466467927	649.0
2.06.M03.S.6A.742186	1091.79439252	6.65822557871	692.0
3.04.M01.S740.742938	933.4	6.21623847506	551.0
3.06.M01.S700B.742239	847.06097561	6.19221992958	537.0
4.23.M01.S1000.742520	877.75	5.97116744964	542.0
2.03.M01.S2.742408	919.858974359	5.97245829194	546.0
4.12.M01.S600.743062	882.365853659	6.16127411226	564.0
4.20.M01.S1850.743155	926.690140845	6.19463174387	559.0
2.23.M01.S3..742872	827.951612903	5.73203861834	474.0
3.28.M01.S1532.743456	854.223684211	6.13234033086	543.0
4.19.M01.S900.742601	844.838235294	5.73208611104	497.0
3.05.M01.S620.742703	983.16	6.49879520886	636.0
4.09.M01.S1153.742941	736.03	5.74983972356	541.0
2.28.M01.S1830.742590	748.797101449	5.6509443486	469.0
2.01.M01.S2.743462	1093.79710145	6.10785847529	583.0
3.07.M01.S1310.742721	856.5	6.24484648241	542.0
4.10.M01.S800.742594	808.443037975	6.05432367252	528.0
4.24.M01.S1519.743073	953.517241379	6.26309679384	590.0
4.24.M01.S1230.742550	803.705128205	6.11996377588	533.0
4.20.M01.S710.743250	847.0	6.02729524542	538.0
4.22.M01.S700.743349	867.541666667	6.09945139215	536.0
4.15.M01.S800.743027	830.045454545	6.12423777599	507.0
4.20.M01.S1300.742737	999.558823529	6.07073346287	560.0
2.07.M01.S3.743293	865.505263158	6.18950610271	581.0
4.03.M01.S521.742509	990.0	6.22600905038	582.0
4.08.M01.S808.743399	929.467532468	6.11210192581	557.0
3.10.M01.S720.742708	768.7	5.8924838492	497.0
2.29.M01.S535.743508	871.060240964	6.24365239208	551.0
3.28.M01.S1843.743248	933.166666667	6.13893402363	561.0
4.26.M03.S.9A.743064	988.02247191	6.2622937344	627.0
4.15.M03.S.1030A.743013	1332.52586207	6.73784603883	803.0
2.08.F01.S2130.743053	1074.58108108	6.45062390342	609.0
2.14.M01.S.743531	913.756097561	6.25051427952	564.0
1.28.M01.S1.742477	985.098039216	6.62036085364	655.0
2.12.M01.S1.742836	1120.14705882	6.40718630023	594.0
4.09.M01.S1030.742747	890.383561644	6.03312665627	539.0
3.03.M01.S530.742887	776.590909091	5.60637955941	469.0
4.11.M01.S600.742754	1015.88888889	6.35632480418	597.0
1.17.M03.S.743271	952.577464789	5.88658396617	552.0
3.25.M01.S700.743310	974.885416667	6.22195025616	616.0
4.24.M01.S500.743369	918.12345679	6.30256674763	567.0
3.29.M01.S630.742391	892.289156627	6.29152054702	575.0
3.04.M01.S530.743076	902.918918919	5.93636850263	525.0
4.05.M03.S.2P.742762	1162.14814815	5.85565758085	673.0
2.07.F01.S2212.742918	803.887096774	5.23983199639	460.0
1.23.M03.S.11A.743500	837.783505155	6.17388520981	571.0
2.06.F01.S2115.743009	845.178571429	6.05296592379	561.0
1.19.M03.S.743338	1019.03896104	5.7593707846	575.0
3.19.M01.S310.743186	912.0	5.70183598362	506.0
3.17.F01.S915.743410	932.406976744	6.21182530727	582.0
2.06.M01.S1.742783	881.133333333	6.31834923791	557.0
2.05.M01.S.742516	1050.28358209	6.3516912543	582.0
3.05.M01.S730.743135	825.014084507	5.89876677745	501.0
3.23.M01.S500.742213	1038.88888889	6.41064484819	620.0
2.19.M02.S.743579	1066.38709677	6.77833416383	673.0
2.03.M01.S1.743594	846.230769231	5.75199631213	489.0
1.25.M01.S1.743224	976.455696203	6.1843021857	595.0
1.30.M01.S5.742682	1043.4	6.03397288852	576.0
2.28.M01.M.742787	237.285714286	2.7944406769	153.0
2.19.M02.M.742148	336.037037037	4.23553089415	210.0
4.15.M01.M.742458	291.884615385	3.2694620555	188.0
4.19.M01.S500.742776	1019.05882353	6.21420350074	565.0
2.08.M03.S.4P.742580	846.614457831	5.9343015024	543.0
1.29.M03.S.10A.743202	986.011764706	6.04105298312	599.0
2.12.M03.S.930A.743119	1245.55882353	6.70404917013	723.0
2.17.F01.S700A.742866	776.0	5.78762212556	529.0
2.17.M01.S2.742559	1117.97468354	6.49881609801	620.0
2.08.M03.S.645A.742395	928.508196721	5.62430734474	508.0
2.01.M03.S.730A.742314	687.445783133	5.66600603279	489.0
2.02.M03.S.730A.742233	807.93902439	5.81198648193	530.0
3.22.M01.S1800.742370	882.378787879	5.97335869248	524.0
2.01.M03.S.1030P.743277	767.161764706	5.67325880503	489.0
4.17.M01.S700.742145	894.614285714	6.09004453155	541.0
4.09.M01.S610.743572	874.246575342	5.45670910181	504.0
2.29.M02.S.742540	875.558139535	5.67417248817	572.0
4.17.M01.S540.742514	772.0	5.7358402016	478.0
2.13.M03.S.230P.742159	979.774509804	6.42587023451	642.0
2.28.M01.S1300.742238	860.514285714	5.96674122274	541.0
2.10.M03.S.1045A.742216	1287.57142857	6.77468677106	737.0
2.14.M03.S.230A.742425	973.095890411	5.91302352979	590.0
3.22.F01.S715.742235	878.873015873	5.5974071206	493.0
2.15.M03.S.11P.742648	916.85	5.84495127905	534.0
2.08.M01.S2.742604	844.990566038	6.1609338238	603.0
2.13.M03.S.630A.743574	973.97826087	6.16811216092	608.0
2.25.F01.S2000.742278	953.717948718	5.36298720256	428.0
2.05.M03.S.730A.742426	832.783783784	5.72312431145	519.0
2.15.M03.S.320A.743502	1242.76404494	6.49432947455	680.0
2.13.M03.S.8AM.742543	1145.88135593	6.85693950185	753.0
2.15.M03.S.4A.742272	860.448275862	6.14540118699	563.0
2.07.M03.S.5P.742564	790.182926829	5.75310456094	520.0
1.31.M03.S.1030A.743226	753.12987013	5.89052164071	510.0
2.14.M03.S.10P.742521	982.666666667	6.52413102077	640.0
2.19.M01.S1.742285	951.304347826	6.21854514642	546.0
2.14.M03.S.945A.743583	993.443298969	6.60535783318	649.0
3.23.M03.S.8A.743046	1080.47222222	6.43424078908	711.0
2.27.F01.S800.742300	788.918918919	5.40427282781	498.0
2.13.M03.S.1130P.743354	1039.125	6.3007093572	611.0
3.19.F01.S800.743051	711.029850746	5.25365447884	457.0
2.03.M03.S.743091	905.166666667	5.65717889725	500.0
2.09.M02.SA.743460	871.52173913	5.52975432637	535.0
2.15.M03.S.1130A.743433	847.011111111	6.02079154451	562.0
2.03.M01.S3.742581	1085.44827586	6.20154837117	617.0
3.01.M03.S.1030A.742582	1267.67901235	6.04010281748	684.0
3.15.F01.S815.743241	774.988636364	5.70913060625	516.0
2.07.F01.S115A.742769	945.086956522	5.84303713935	550.0
2.11.M03.S.1P.743516	879.224719101	6.05355372413	565.0
2.07.M03.S.7A.743098	837.921875	6.05066991017	508.0
2.17.M02.S.743436	1106.37113402	6.66994993922	695.0
2.07.F01.S1400.743514	943.4	5.63543590828	524.0
3.27.M03.S.11A.743542	1168.92792793	6.61543634471	743.0
4.10.M03.S.743254	858.076923077	4.98384570396	535.0
1.12.M03.S.742751	1008.0	5.84758508722	636.0
4.26.M01.S840.743625	930.064516129	5.73912877526	509.0
4.11.M01.S1500.743407	1048.45121951	6.19349721189	589.0
4.13.M03.S.820A.743341	1138.59550562	6.12575451737	671.0
1.14.M03.S.742905	870.223684211	6.57968347601	559.0
3.5.M02.S.742844	923.6875	6.16782086886	580.0
3.02.F01.S800.742650	809.411764706	5.48870358087	526.0
1.18.M03.S.742135	853.0625	5.39577141408	459.0
3.11.M01.M.742215	373.117647059	4.68406541378	250.0
4.13.M01.M.742917	440.027027027	4.65337318061	269.0
1.26.M01.M.742223	393.428571429	4.79206242718	252.0
2.02.M01.M.743311	414.162790698	4.76298157861	267.0
4.12.M01.M.743047	407.285714286	4.7019172109	263.0
4.11.M01.M.743321	432.894736842	4.75768750694	278.0
4.24.M01.M.742781	477.029411765	4.84159433557	274.0
4.20.M01.M.743565	427.576923077	4.51897895643	241.0
3.01.M01.M.b.743592	370.038461538	4.12778482649	216.0
4.11.M01.S1135.742774	828.181818182	6.05619535722	521.0
2.15.M01.S4.742741	990.569767442	6.47802408811	614.0
4.16.M01.S610.742735	911.8	6.49260884272	580.0
1.28.M01.S2.743256	917.739130435	6.47855025964	606.0
2.07.M01.S2.742204	1050.01234568	6.24667509897	605.0
2.10.M03.M.743616	487.78125	4.93499373941	297.0
1.12.M03.M.742373	365.0	4.38139804128	246.0
1.25.M01.S2.743194	1020.44776119	5.98427665525	567.0
1.22.F01.S.b.742351	916.467532468	5.731584691	544.0
2.21.M01.S8.742867	800.12345679	5.77310807283	500.0
2.29.M01.S2053.742886	843.666666667	5.88120328319	532.0
2.11.M01.S1.742596	1063.22368421	6.49123362329	627.0
2.14.M03.S.845A.742476	1049.80412371	6.47304493353	650.0
3.30.M01.S800.742674	1030.33333333	6.16979286858	577.0
1.21.M01.S2.742445	840.383561644	6.0443562359	534.0
1.26.M01.S2.742611	969.782608696	6.30292653056	615.0
2.04.M01.S.743294	856.346153846	6.04709290732	539.0
4.22.M01.S1030.743078	832.6625	6.00252763769	537.0
3.27.M01.S930.742811	950.098039216	6.35374000791	620.0
2.21.M01.S4.742888	905.142857143	5.67702302288	509.0
2.29.M03.S.12P.742934	1042.88888889	5.76665940668	586.0
3.19.M03.S.2A.743621	1126.86363636	6.29508114722	683.0
2.19.M03.S.11P.742347	1191.03488372	5.95651188232	673.0
3.28.M03.S.742411	1024.44660194	6.29597608402	656.0
3.17.M01.S600.742311	900.263888889	6.19865970285	544.0
2.21.M01.S10.742635	839.325	5.66013068464	513.0
4.16.M03.S.7P.742434	1209.50980392	6.90802876176	746.0
3.08.M01.S1730.742745	809.551724138	5.79173625567	463.0
3.21.M03.S.5P.743200	1015.81818182	5.69948240436	642.0
4.03.M01.S630.742357	911.048780488	6.13203825423	570.0
2.24.M01.S2341.742394	879.28	5.83374441283	522.0
4.20.M01.S1100.742464	955.121621622	6.37565879683	574.0
1.24.M01.S2.742788	922.194805195	6.0680782375	559.0
3.31.M01.S133.743432	1001.55555556	6.28870200053	621.0
2.13.M01.S1.743633	1028.12345679	6.32654299168	593.0
4.25.M01.S1330.743203	956.142857143	5.98855979446	543.0
2.15.M01.S5.742200	856.06097561	6.34798777929	546.0
4.01.M01.S630.743022	978.23880597	6.0025172851	543.0
4.16.M01.S705.742822	959.0	6.5304208882	596.0
3.15.M01.S1100.742992	871.161290323	6.12522141402	555.0
3.01.M01.S535.742399	883.111111111	6.26123026916	572.0
1.24.M03.S.1024A.743373	809.233333333	5.8539777556	556.0
4.07.M01.S1553.742507	830.363636364	5.76193297759	506.0
3.04.F01.S700.743297	817.71	6.32044317782	579.0
1.26.M01.S1.742337	903.394366197	6.2506847198	561.0
1.21.M01.S1.742266	805.220779221	5.8470492239	512.0
2.20.M01.S4.743229	954.563218391	6.43243663939	611.0
2.27.M02.S.743527	1070.79166667	6.27644799988	621.0
3.27.M01.S1317.742643	972.130434783	5.99835374876	546.0
1.21.M01.S3.742856	929.776470588	6.22494031865	581.0
1.22.F01.S.743550	1051.6835443	5.79530149016	592.0
2.25.M01.S1700.742654	779.467532468	5.70279943123	489.0
1.23.M01.S1.742228	1029.83870968	6.54810032356	648.0
3.18.M01.S2120.742409	948.373134328	5.886022546	538.0
2.24.M01.S.743372	919.692307692	6.02470138333	511.0
4.19.M01.S710.742482	911.829787234	6.22662140802	586.0
1.19.M01.S2.743124	927.625	6.31238421096	606.0
2.08.M01.S1.742576	921.639175258	6.27386796485	593.0
1.26.M03.S.742252	984.243243243	5.84766427447	567.0
2.20.M01.S5.742693	945.857142857	6.08099301632	564.0
3.14.M01.S1150.743303	934.961538462	6.22896286215	558.0
3.29.M01.S1230.742812	919.134831461	6.16030320778	575.0
2.01.M01.S1.743006	1070.06741573	6.5212833194	659.0
3.13.M01.S1325.742494	848.258064516	6.21743734207	570.0
4.19.M03.S.11A.743336	976.535714286	5.47436705449	591.0
2.02.M01.S.743408	767.142857143	5.74233131674	480.0
4.12.M03.S.8A.742944	1335.18987342	6.75607741569	725.0
2.26.M01.S820.742669	844.488636364	6.10565168711	553.0
1.21.F01.S.743025	771.176470588	5.54911669988	498.0
4.18.M01.S750.743360	864.709677419	6.05192723073	564.0
2.18.M01.S1.742973	1119.19230769	6.59165226789	622.0
2.07.M01.S4.742420	1043.2	6.44641086891	608.0
3.12.M01.S540.742942	778.666666667	6.32348212894	543.0
4.01.F01.S1100.743362	853.25	5.42024118181	484.0
3.31.M01.S900.743063	984.718309859	6.26565787145	574.0
1.30.M01.S1.743509	1046.44303797	6.30709003958	607.0
3.08.M01.S540.743289	1000.24324324	6.2079191812	583.0
2.29.M01.S618.742965	954.0625	6.25549297704	565.0
2.21.M01.S2.742177	1007.5	6.13002279853	601.0
2.24.M01.S1033.742536	755.118421053	5.84032763343	488.0
3.16.M01.S640.742716	817.443037975	6.00368994174	537.0
2.10.M01.S1.742620	932.243243243	6.44830150126	567.0
2.19.M03.S.8A.742798	1075.21	6.25768408165	679.0
3.10.M01.S1420.743359	947.943661972	6.26734052	544.0
4.04.M03.S.4P.742588	1052.76470588	6.44523285212	678.0
2.21.M01.S9.743113	881.045454545	5.47459204029	533.0
3.16.M01.S350.743317	1079.18181818	6.18998504917	597.0
1.18.M01.S.742305	999.776470588	6.08894494061	582.0
4.22.M01.S805.743288	861.294117647	5.73651280916	494.0
3.29.M03.S.10A.742188	1097.51086957	6.61172923493	679.0
2.21.M01.S5.743461	773.743589744	5.73706283884	487.0
3.31.M01.S734.742714	922.238636364	6.19456563841	577.0
3.13.M01.S840.742503	1013.41333333	6.2578845132	585.0
2.23.M01.S2.743278	771.5	5.50320054535	439.0
2.18.M03.S.6A.742710	766.304347826	4.44168666679	475.0
1.20.M01.S2.742217	904.413793103	6.01568207511	572.0
2.04.M03.S.742868	1036.44444444	6.13906154016	562.0
2.16.F01.S1700.742490	642.109090909	5.30429702268	405.0
3.18.M03.S.7P.743546	998.1953125	6.10934632299	706.0
2.22.M01.S3.742923	739.046153846	5.56050260726	454.0
2.07.M02.S.742419	734.101265823	5.69506048127	502.0
4.23.M03.S.7P.742632	877.854166667	5.12639232022	589.0
3.19.M01.S730.742312	973.0	6.08885956722	546.0
3.31.M03.S.12P.742850	1062.3125	6.24359369395	667.0
2.25.M01.S640.743315	821.6375	5.85752333138	515.0
4.01.M01.S836.742624	886.956521739	6.11839231686	541.0
2.17.M03.S.845A.742875	1035.4125	6.18787051914	621.0
3.08.F01.S745.742430	846.791044776	5.51038734346	497.0
4.12.M01.S935.743104	870.205128205	6.21430577969	550.0
1.26.M02.S850P.742634	1133.65517241	6.79551464994	675.0
2.16.M01.S1.742978	791.237113402	6.5055658057	565.0
2.22.F01.743079	766.109589041	5.78456886389	507.0
3.12.M01.1310.743358	726.430769231	5.65492615031	456.0
3.1.M02.S.743343	1131.69354839	6.90866294753	770.0
2.22.M01.S1.742152	689.217391304	5.38380542493	429.0
3.31.M01.S2000.742164	961.4	6.47340027693	610.0
3.25.M01.S940.743557	1048.50632911	6.09816820934	599.0
2.21.M01.S6.743415	847.576923077	5.72654017393	507.0
2.20.M01.S3.742637	895.048780488	6.07668087047	554.0
1.23.M01.S2.742493	931.304878049	6.35253184674	596.0
4.25.M03.S.2P.743169	970.168539326	5.11110296459	586.0
4.08.M01.S605.743103	963.95	6.16151370154	578.0
2.15.M01.S3.742138	1059.68493151	6.35780754802	602.0
2.27.M01.S430.742772	887.0	5.9683840897	539.0
4.11.M01.S1740.742667	864.365853659	6.12494965738	546.0
4.29.M03.S.1000P.742592	1034.92857143	5.40413308181	631.0
2.29.M01.S300.743328	893.908045977	6.35414908634	567.0
2.12.M01.S2.742168	939.368421053	6.26865687589	562.0
2.20.M02.SB.742723	1095.22105263	6.81308109645	687.0
1.27.M01.S1.742661	859.448275862	6.20420455589	562.0
2.21.M01.S7.743123	741.909090909	5.69375199844	473.0
1.30.M01.S4.742398	1058.33333333	6.44845177722	605.0
2.23.M01.S4..743610	797.012345679	5.7382783754	505.0
3.01.M01.S1430.742447	888.133333333	6.30105716932	564.0
3.21.M01.S900.743167	1010.72826087	6.21450910109	616.0
2.25.M02.S.742960	1080.21212121	6.83125264523	680.0
3.16.M01.S1100.742310	931.514285714	6.03859941854	532.0
4.03.M01.S1706.743400	870.164556962	6.41570392996	568.0
2.03.F01.S800A.742782	775.666666667	5.27882494398	444.0
1.23.M01.S3.743154	879.0	6.27152422693	560.0
2.06.F01.S609A.743355	671.38028169	5.11934877289	452.0
1.23.F01.S.743266	763.8875	5.53795109781	479.0
1.24.M01.S1.742180	824.129411765	6.21264751452	556.0
4.25.M01.S550.743324	851.315217391	6.19251229087	555.0
2.20.M01.S1.742240	994.6375	6.1724437752	593.0
3.26.M01.S1700.743495	930.789473684	5.63616703883	512.0
1.31.M01.S.743245	901.904761905	5.8111694473	523.0
2.12.F01.S2200.742911	837.842105263	5.08887297252	438.0
4.23.M01.S1616.743026	743.649350649	5.67611003838	480.0
2.23.M03.S.830A.742198	777.05	4.3886390399	452.0
1.19.M02.S4P.743541	889.266666667	6.40888666484	527.0
3.06.M01.S700A.743383	868.363636364	6.16117779896	544.0
3.26.M01.S100.742649	797.263157895	5.64350921318	514.0
2.20.M01.S1.b.742574	1012.63513514	6.27273974882	575.0
4.06.M03.S.430P.743233	1013.69230769	5.63456082725	605.0
4.17.M01.1747.743295	804.238095238	5.72282386273	482.0
2.15.M01.S2.742269	919.638554217	6.48252039492	594.0
2.14.F01.S900A.743448	760.5	5.5585049454	465.0
4.24.M03.S.2P.743555	1057.69230769	5.83577722896	599.0
4.21.M01.S1400.743042	886.264705882	5.97499159821	532.0
3.18.F01.S1500.742921	781.0	5.62179600784	513.0
3.13.M01.S450.742744	943.172413793	5.82721049071	497.0
4.07.M01.S635.742440	939.333333333	5.76459986898	514.0
3.11.M01.S1000.743101	848.0	6.17842452914	562.0
2.20.M02.M.743526	222.0	3.44094403426	147.0
1.30.M02.M.743058	377.789473684	4.42842284786	203.0
2.03.M01.M.a.743211	292.24	3.89718158948	190.0
2.18.M02.S.742405	883.835443038	5.84165888669	562.0
3.07.M01.S600.743085	677.658227848	5.98342581184	476.0
1.29.M01.S.742970	994.172413793	6.44949655521	619.0
3.02.M01.S700.742403	801.383561644	5.70163396627	495.0
1.22.M01.S.742831	975.535714286	6.33080965128	605.0
2.29.M01.S140.742961	846.463414634	6.34561955541	550.0
2.18.F01.S808A.743193	861.195652174	5.29700135371	450.0
4.16.M03.S.742685	1169.03092784	6.80684719862	725.0
4.21.M01.S1007.742659	760.388888889	5.66008237087	484.0
4.10.M01.S530.742451	691.772277228	5.8296117418	514.0
2.04.F01.S100A.743367	763.145833333	5.07837806845	420.0
4.16.M01.S1430.743177	733.0625	6.02940508112	518.0
3.20.F01.S700.742789	937.4	5.33094860489	473.0
2.21.M01.S12.742523	793.346153846	5.50110063147	476.0
2.23.M01.S1.742348	826.144927536	5.88964882337	502.0
3.04.F01.S2359.742566	828.508474576	5.34965349814	481.0
4.21.M01.S844.742602	743.957746479	5.78885183848	483.0
4.20.M01.S500.742749	857.481481481	6.12631849759	538.0
4.18.M01.S510.743411	905.442857143	6.0461649613	539.0
4.09.M01.S550.742410	884.451219512	5.89734532139	552.0
2.29.F01.S1030.743522	755.220779221	5.26052776845	481.0
4.23.M01.S600.742793	736.48	5.77119064026	492.0
3.12.F01.S730.742665	751.470588235	5.45772780019	479.0
4.14.M01.S600.742991	702.710144928	5.7103386402	464.0
3.21.F01.S800.742301	871.0	5.26296525393	461.0
2.24.F01.S400.743267	765.0	5.37083892669	489.0
1.20.M01.S4.742841	835.40625	6.06477644587	549.0
4.12.M01.S1715.742603	697.718309859	5.54505237833	458.0
1.20.M01.S1.743494	853.679012346	6.06968880079	537.0
2.20.F01.S1830.743437	584.595744681	4.09230713471	350.0
2.09.M01.S3.743126	1004.12345679	6.12483510399	598.0
1.20.M01.S3.742142	950.93902439	6.0056033713	556.0
1.30.F01.S.743551	819.02	5.0276819943	425.0
3.09.F01.S945.742984	729.25	4.39986416757	409.0
3.06.M01.S605.743095	898.147540984	5.73838722398	496.0
2.21.M01.S11.742999	937.887096774	5.4161355137	483.0
4.06.M01.S1310.743105	928.676056338	6.23263492129	548.0
3.09.M01.S350.742738	828.658227848	6.25291714133	532.0
3.18.M01.S720.743539	724.553846154	5.37947229287	457.0
4.14.M01.S920.742653	804.677966102	5.68490937464	464.0
4.02.M01.S515.742161	896.585106383	6.19155049906	576.0
2.15.M01.S1.742583	916.93902439	6.36670312533	573.0
3.28.M01.S838.743125	887.717647059	6.17128618013	567.0
1.27.F01.S.742358	713.022222222	4.28452284952	359.0
4.13.M01.S600.742671	909.220588235	6.18538206717	532.0
2.20.F01.S2030.743484	760.450549451	5.70337229562	510.0
4.11.M01.S1815.743599	777.8	5.77625692199	499.0
3.23.F01.S715.742571	800.04	5.5288505122	499.0
2.06.M01.S2.742623	827.25	6.19386136656	537.0
1.30.M01.S3.742475	929.438356164	6.22477585397	556.0
2.01.F01.S946.742619	794.592592593	5.43199259868	489.0
2.10.M01.S2.742568	919.679012346	6.44200883659	586.0
1.29.F01.S.743449	768.720588235	5.20526635489	446.0
2.19.M01.S2.742748	911.018867925	5.8776230946	493.0
2.10.F01.S2100.743611	576.518518519	4.73021686132	364.0
2.11.M01.S2.743597	875.764044944	6.40381235088	585.0
1.20.M01.M.742894	305.666666667	4.48690675626	217.0
4.01.M01.S130.743397	990.763888889	6.0909947389	555.0
4.03.F01.S800.743223	933.0625	6.29907630056	601.0
2.24.M01.S2.742801	841.129411765	5.94740885094	534.0
4.08.M01.S1956.743435	893.524590164	5.70882751864	495.0
2.09.F01.M.1020P.743037	322.538461538	3.10295919818	201.0
3.10.M01.S435.743024	832.8	5.76147396666	498.0
2.09.M02.SB.743291	847.558441558	5.80630524029	546.0
2.03.M02.S.743361	1047.70967742	6.57219810064	663.0
2.11.M02.S.742534	905.347826087	6.28880890456	591.0
2.06.M02.S.742302	906.068493151	5.16988868695	539.0
4.23.M01.M.742916	394.857142857	4.04959712134	232.0
2.26.M03.S.3P.742939	894.797101449	5.1676030442	552.0
2.26.M01.S1707.743381	745.515625	5.84079783054	462.0
3.27.M01.S1634.743403	853.817073171	6.07733346729	541.0
1.16.M03.S.742785	957.666666667	5.86965849195	556.0
2.27.M03.S.8A.742379	830.084745763	4.66307999827	486.0
1.30.M03.S.1015A.743165	797.469879518	5.66612194854	528.0
4.17.M03.S.11A.742837	897.445783133	5.80325922258	569.0
4.01.M03.S.10A.742865	970.505617978	5.76733784325	598.0
4.18.M03.S.11A.743045	842.066666667	4.84939186708	552.0
2.28.M03.S.9A.743192	930.225352113	5.41194075848	533.0
2.13.M02.S.742562	915.973684211	6.27229129085	548.0
4.02.M03.S.7A.743015	940.964912281	5.43338904591	526.0
4.14.M03.S.10A.743457	1060.0	6.63889544101	688.0
4.23.M03.S.730A.742417	1099.65625	6.08936271927	684.0
1.22.M03.S.6P.742389	781.3125	5.75950569692	507.0
3.26.M03.S.12P.743446	896.578947368	5.26569759247	544.0
2.13.M01.S3.742339	973.561643836	6.23383284899	554.0
4.15.M03.S.4P.743624	873.394366197	5.36989889619	531.0
2.21.M03.S.1130P.743609	744.478873239	4.60785338737	467.0
4.23.M03.S.10P.742630	793.443037975	4.59479815063	513.0
4.28.M03.S.500P.742845	963.205128205	4.87975391303	580.0
3.02.M03.S.9A.742234	770.1	4.01387687014	426.0
4.21.M03.S.1P.743626	739.781818182	3.96391857758	437.0
4.20.M03.S.8A.742586	888.769230769	5.01562341238	557.0
4.07.M03.S.10A.743529	765.174418605	5.08074847158	510.0
1.27.M03.S.742707	1039.60869565	6.24447433455	639.0
1.13.M03.S.742909	834.411764706	5.6429348321	551.0
4.30.M03.S.800A.742336	876.696202532	4.73394781161	552.0
1.20.M03.S.742857	801.202531646	5.63012262168	510.0
2.20.M03.S.11A.743584	821.766233766	5.03365516028	523.0
1.22.M03.S.10A.743510	848.325842697	5.78607321247	555.0
3.6.M02.S.743028	971.455696203	6.18443533682	590.0
2.19.M01.M.743480	373.285714286	2.7832718517	207.0
2.14.M03.S.5P.742664	981.185185185	6.07046603151	600.0
3.07.M01.S1551.743618	690.666666667	4.69411394971	444.0
2.21.M02.S.742971	1124.0	6.56905668842	673.0
3.18.M01.S1208.743116	858.453125	5.5371009233	499.0
2.18.M02.M.742718	293.0	4.01305148753	188.0
2.10.M02.M.743196	305.0	4.70183165216	200.0
3.01.M03.M.742457	393.306122449	5.15056520346	306.0
2.07.F01.M.743345	336.037037037	4.48585255791	210.0
4.12.M03.M.743335	407.825	5.08625555513	289.0
2.14.M02.M.743544	304.333333333	4.24136984895	186.0
4.01.M03.M.743238	442.895833333	5.17014063484	318.0
4.08.M03.M.743204	474.0	5.05202027094	279.0
4.19.M03.M.743547	470.619047619	4.82447418203	258.0
4.15.M01.S1430.742256	797.0	5.9946590847	512.0
4.12.M01.S1820.742378	723.014705882	5.92283014265	470.0
3.19.M01.S841.742937	948.9	5.99610336361	546.0
4.09.M01.S859.742926	902.973684211	6.06063305835	535.0
3.30.M01.S1324.742780	814.918918919	5.90177739461	524.0
1.20.F01.S.742432	641.333333333	5.0541217727	416.0
4.10.M01.S1400.743569	830.178571429	6.10056585297	546.0
4.18.M01.S1430.743613	707.828125	5.24748363893	439.0
3.15.M01.S1017.743571	881.561797753	6.1873594919	562.0
3.27.F01.S730.742966	777.278688525	5.37082200346	464.0
2.16.M01.S2.743486	948.494623656	6.43261280289	603.0
2.22.M02.SA.742616	931.75257732	6.39143548871	616.0
2.27.M01.S700.742981	809.6	5.84735570103	500.0
3.30.M01.S1930.742522	857.2	6.04854948116	536.0
2.22.M02.SB.743570	892.95	6.4664422303	618.0
3.30.M01.S2350.742480	888.5	5.79077432364	539.0
2.09.M01.S2.742441	811.515151515	6.09436653011	510.0
2.26.M01.S2240.742255	853.513513514	5.87464173047	516.0
2.21.M01.S3.743631	878.661290323	5.18946953879	483.0
2.17.M01.S1.743380	964.666666667	6.47923562366	602.0
2.16.M01.S4.743131	943.0	6.39227749754	577.0
3.30.M03.S..742261	895.5	5.86702257559	564.0
2.25.M01.S1446.743562	798.042253521	5.90381288775	486.0
4.12.M01.S1230.742338	876.555555556	5.87928897223	540.0
3.14.F01.S800.742821	832.164179104	5.56963508207	492.0
4.10.M01.S1100.742987	883.037974684	5.61868672853	535.0
2.09.M01.S1.742412	917.28	6.30514658991	611.0
2.01.F01.S2145.742633	677.714285714	5.13153163624	388.0
2.23.M01.S5..743419	830.01369863	5.78924979539	506.0
2.03.M01.S2.b.743524	875.096385542	6.00372785312	541.0
4.11.M01.S650.743375	795.575	6.05022366989	516.0
2.19.F01.S1737.743643	943.940298507	5.82342585834	544.0
2.20.M01.S2.743183	912.259259259	6.16181997895	567.0
4.11.M03.M.743535	364.034482759	4.24385101568	238.0
3.30.M03.M.742599	399.028571429	4.95194996381	266.0
4.27.M03.M.742374	344.0	4.81553927796	274.0
4.28.M03.M.743139	377.317073171	4.96914975293	259.0
1.29.M03.M.742222	395.444444444	4.59578993116	237.0
1.21.M02.M.742209	281.434782609	4.2182723873	191.0
4.02.M03.M.743553	566.535714286	5.37432570689	320.0
4.22.M03.M.742333	386.923076923	4.96399156091	270.0
2.29.M02.M.742834	234.619047619	4.04348823685	169.0
3.22.M03.M.743481	382.5	5.1237091796	267.0
4.20.M03.M.743422	416.078947368	4.94438745866	291.0
2.28.M02.M.742286	311.333333333	4.27733206637	181.0
2.08.M02.M.742662	285.888888889	4.54003013746	199.0
2.14.M03.M.742246	367.322580645	4.76075631201	241.0
2.04.M03.M.742790	324.516129032	3.6233590087	220.0
2.12.M02.M.742491	405.0	4.64385169994	219.0
2.12.F01.M.9A.742889	274.142857143	3.79620428568	172.0
1.24.M03.M.743220	515.55	4.78110821497	258.0
2.05.M02.M.742807	327.965517241	4.63500418364	219.0
2.29.M03.M.742884	274.441176471	4.63965084146	217.0
1.31.M01.M.743598	333.25	3.9071665379	226.0
2.15.M02.M.742385	326.045454545	3.93716215593	186.0
3.02.M03.M.742740	369.5	4.66207941931	233.0
3.19.M03.M.742806	470.285714286	5.09699306595	283.0
1.16.M03.M.743034	257.294117647	4.20372087899	198.0
2.10.M01.M.743159	356.5	4.97056653213	249.0
2.05.M03.M.742825	273.317073171	4.10420473958	221.0
1.13.M03.M.742989	318.157894737	4.59366326011	249.0
1.26.M02.M.743635	240.032258065	4.15797621404	181.0
1.25.M02.M.742151	298.12	4.14501584971	193.0
3.31.M03.M.742906	469.303030303	5.45674809877	307.0
2.11.M03.M.742515	291.87804878	4.42216750971	226.0
2.19.M03.M.742132	337.5	4.24120894597	210.0
2.21.M02.M.742832	259.538461538	4.01870435767	182.0
4.25.M03.M.742628	295.028571429	4.47838894292	222.0
2.09.M02.M.742229	350.0	4.85615290914	234.0
1.24.F01.M.742197	250.823529412	4.24638575312	197.0
4.18.M03.M.742898	341.433333333	4.14988709039	228.0
1.26.F01.M.743099	312.75	4.27072923296	215.0
4.17.M03.M.742139	464.583333333	4.97333793166	295.0
2.16.M02.M.742998	316.538461538	4.29628811354	195.0
2.05.M01.M.742897	428.576923077	4.82225735728	242.0
4.29.M03.M.742558	434.620689655	4.47984826123	257.0
4.21.M03.M.742341	411.090909091	4.95842392403	255.0
1.26.M03.M.743640	415.285714286	4.69079212779	285.0
1.23.M02.M.742187	315.24	4.30616154133	192.0
2.08.M03.M.743151	350.535714286	4.18707305688	220.0
2.23.M03.M.743357	391.882352941	5.33243917763	308.0
2.14.M01.M.742554	338.34375	4.17737351282	232.0
1.30.M03.M.742182	434.533333333	4.80685308054	256.0
3.21.M03.M.742570	337.0	4.34287823901	229.0
1.19.M03.M.742537	361.681818182	3.95781703642	207.0
2.03.M02.M.743319	292.363636364	4.09504990674	206.0
4.06.M01.M.743255	419.130434783	4.53677118545	225.0
2.17.M02.M.743308	390.857142857	4.66644878912	228.0
2.24.M01.M.743593	419.333333333	4.54193821791	236.0
4.14.M03.M.742591	376.621621622	4.81570906003	261.0
4.24.M03.M.743174	286.088235294	4.35012215153	213.0
2.04.M02.M.742644	352.869565217	4.56022593377	212.0
1.27.M01.MO.742670	331.535714286	4.67205519943	210.0
3.19.M01.M.743347	380.05	4.33754293725	214.0
3.23.M01.M.743300	341.75	4.39744717721	193.0
1.14.M03.M.742815	375.263157895	4.4319096242	245.0
4.19.M01.M.743490	347.538461538	4.31145914285	226.0
2.20.M01.M.742771	410.483870968	4.4728063026	254.0
2.11.M01.M.742819	325.24137931	4.66267969985	219.0
2.08.M01.M.743285	305.620689655	4.35289341604	215.0
3.26.M03.M.743083	337.885714286	4.37762336886	231.0
4.25.M01.M.742702	259.322580645	3.30395168799	188.0
4.05.M03.M.743374	354.0	4.03242171029	249.0
3.10.M01.M.742642	330.5	4.24925359278	194.0
3.16.M01.M.743232	389.487179487	4.65634858046	260.0
3.21.M01.M.742350	309.527777778	4.15951111904	215.0
3.31.M01.M.743264	233.0	3.99769187215	172.0
1.31.M03.M.742137	407.857142857	5.07598425678	290.0
4.03.M03.M.743515	301.125	4.05781815079	219.0
4.17.M01.S1354.742504	678.140625	5.4278406727	432.0
3.23.M01.S0010.742855	849.571428571	6.26366295821	580.0
1.25.M03.S.11A.743057	914.833333333	6.04066550547	580.0
2.26.M01.S648.742383	819.875	5.92516779489	516.0
2.14.M03.S.645A.743061	1041.87323944	6.40654211156	607.0
2.20.M01.S6.743339	911.238636364	6.07850817473	566.0
3.26.M01.S730.742997	818.803278689	5.45901622247	486.0
4.27.M03.S.1P.743463	819.75	3.91022110719	456.0
2.16.M01.S5.743530	959.961538462	6.41410195835	583.0
1.31.M02.S.742369	915.539473684	5.9289197444	566.0
3.10.M01.S910.743379	879.85	5.72467271733	500.0
2.11.F01.S700A.742484	813.615384615	5.28291788567	476.0
2.18.M01.S2.743368	946.213333333	6.47015696121	567.0
3.24.M01.S726.742267	942.012345679	5.88635197108	573.0
2.16.M02.SA.743458	809.078651685	6.23874665121	553.0
3.18.M01.S1520.743327	812.638888889	5.77759969728	502.0
1.25.M02.S345P.743273	962.577464789	6.0362939343	562.0
1.25.F01.S1015A.742713	745.927710843	5.60392444708	494.0
4.23.M01.S1252.742808	643.176470588	5.6331989557	462.0
2.16.M01.S3.742331	827.677419355	6.4780011828	578.0
3.22.M01.S1243.742577	1035.22535211	5.92968501393	561.0
2.24.M01.S1646.742178	983.942307692	5.93675062126	495.0
4.30.M03.S.400P.742704	816.109756098	4.52097232235	525.0
3.27.M01.S700.743172	916.918032787	5.71732649826	522.0
4.16.M01.S1822.742833	884.697368421	6.24669468164	559.0
2.16.F01.S2030.743498	778.352941176	5.36924205221	441.0
3.11.F01.S800.743018	794.927710843	5.95132579217	543.0
2.07.M01.S1.743240	1066.1641791	6.26904961003	579.0
1.31.F01.S745A.742743	648.052631579	4.97506532266	399.0
3.31.F01.S1200.743176	745.06	5.17421195806	430.0
2.19.F01.S1500.743082	719.52173913	5.25572267838	451.0
4.02.M01.S1310.743545	877.576923077	6.0410195517	537.0
2.23.M03.S.1130P.742756	826.783783784	4.86700743942	513.0
3.16.F01.S730.742878	854.513157895	5.6473536315	517.0
2.22.M01.S2.742306	659.551724138	5.33924442974	406.0
2.16.M02.SB.742265	916.279069767	6.26454171042	580.0
2.09.F01.S1020P.742538	764.518518519	5.24953075264	439.0
1.30.M01.S2.742557	842.092105263	5.98525621701	528.0
1.19.M01.S1.742545	954.42	5.80243838802	477.0
3.25.M01.S830.742874	994.247058824	6.11222048741	592.0
3.30.M03.S.8P.742810	1086.41	6.19640662805	676.0
2.10.M02.SA.742896	842.703703704	5.74619944655	548.0
1.24.F01.S.743001	741.029411765	5.37389145072	460.0
3.26.M01.S1437.742672	927.138888889	5.81003049279	542.0
3.13.F01.S800.742428	730.8	5.08773718609	455.0
2.24.M01.S1534.742318	754.652173913	5.72611876394	472.0
3.22.M01.S400.743348	897.443181818	6.31757286811	585.0
2.24.F01.M.742893	223.352941176	4.3911089092	157.0
1.18.F01.S.742243	642.458333333	5.19969695503	431.0
1.31.M02.M.743225	332.344827586	3.81240879862	215.0
1.23.M01.M.743523	272.551724138	4.36060128847	194.0
2.28.F01.M.742993	241.0	4.08832975884	157.0
1.31.F01.M.743275	359.285714286	4.66000192672	205.0
1.22.M02.S645P.743265	847.518518519	6.56220563235	574.0
2.15.M01.M.743402	341.375	4.38376583188	213.0
2.26.M03.M.743394	444.230769231	4.66611804545	250.0
4.13.M03.M.742605	502.0	4.82699115197	280.0
3.30.F01.S900.743147	419.258064516	4.06280431632	319.0
1.21.F01.M.742505	267.444444444	4.84371191229	188.0
2.03.M01.M.743554	311.884615385	4.33552350587	208.0
2.08.F01.M.743161	364.526315789	3.82841788802	194.0
2.27.F01.M.742262	279.153846154	4.32398273388	152.0
2.16.F01.M.742323	287.772727273	4.31106979857	178.0
3.13.F01.M.742719	299.166666667	4.48487744062	165.0
2.21.F01.M.743440	238.956521739	4.21642816701	162.0
1.25.F01.M.743299	362.5	4.5712321323	203.0
2.09.F01.M.630A.743459	257.206896552	4.17718358628	192.0
2.22.F01.M.743115	344.6	3.98338375594	143.0
2.29.F01.M.743595	289.689655172	4.61028294324	194.0
2.26.F01.M.742283	214.125	4.29201271062	166.0
1.27.F01.M.743507	351.0	4.76357726174	208.0
1.29.F01.M.742943	387.214285714	4.76777587146	189.0
3.06.F01.M.742236	330.869565217	4.39634946095	190.0
2.13.F01.M.743227	279.434782609	3.79283546934	189.0
3.11.F01.M.742251	324.3	4.06291344777	178.0
2.03.F01.M.742479	335.0	4.59448497577	193.0
2.07.M01.M.743390	334.913043478	4.43334686393	211.0
2.29.M01.M.743325	403.333333333	4.15848279685	205.0
2.06.M02.M.742766	331.055555556	3.90912197438	193.0
3.27.M03.M.743567	325.1	3.91624642246	225.0
1.20.M02.M.742979	325.464285714	4.50880587143	229.0
2.17.F01.M.742994	250.607142857	4.16374561717	174.0
1.25.M01.M.742876	326.517241379	4.03679463095	212.0
2.01.F01.M.743398	413.5	4.61209139456	191.0
2.02.F01.M.743392	271.896551724	4.54695816233	191.0
2.16.M01.M.743608	361.034482759	4.54269725253	226.0
2.17.M01.M.743060	350.75	3.55432082104	202.0
3.09.M01.M.M.743269	354.15625	4.6308087862	229.0
1.30.F01.M.742684	313.75	4.37215965016	195.0
1.28.M01.M.743323	320.529411765	4.55821735213	218.0
2.13.M02.M.743118	274.0	3.58375883992	178.0
2.06.M01.M.742802	416.136363636	4.78708709631	250.0
3.05.F01.M.742296	235.142857143	4.19333934383	167.0
2.07.M02.M.743329	294.666666667	4.15402452098	200.0
2.14.F01.M.743244	316.25	3.74985410471	192.0
3.22.M01.M.743041	269.090909091	4.3227270477	198.0
3.05.M01.M.743252	358.394736842	4.41055604961	253.0
3.23.M03.M.742227	327.529411765	5.05139463762	264.0
2.22.M01.M.742144	370.884615385	4.4412891682	227.0
2.22.M02.M.743040	390.333333333	3.98658048322	192.0
3.12.M01.M.DENTIST.742524	332.730769231	4.2287587331	205.0
1.28.F01.M.743231	302.576923077	4.37113414945	207.0
1.24.M01.M.742321	273.666666667	4.03768533253	172.0
3.18.M03.M.743262	360.341463415	4.48646668944	256.0
1.18.M03.M.743235	342.0	4.30418589134	219.0
1.19.F01.M.743030	438.5	4.23748857375	284.0
1.21.M01.M.742365	342.90625	4.63339300907	226.0
1.28.M02.M.743261	274.2	4.3318425691	191.0
2.09.M01.M.743309	305.1	4.11362386938	205.0
2.12.M01.M.742859	319.25	4.57768037732	212.0
2.27.M03.M.743395	444.636363636	4.4374917392	276.0
1.27.M02.M.742289	372.045454545	4.16783986372	202.0
1.29.M02.M.742779	307.541666667	4.54144728477	204.0
2.26.M01.M.742418	288.615384615	3.92670905434	179.0
2.24.M03.M.742699	419.6875	4.91403274238	265.0
3.04.F01.M.743056	243.55	3.87348362713	158.0
3.10.F01.M.742948	340.5	4.3560335757	198.0
1.19.M02.M.743576	296.166666667	3.94576347646	177.0
4.18.M01.M.742731	307.24	4.01184433455	205.0
2.10.F01.M.743173	234.6	2.83590100114	173.0
1.27.M03.M.742621	470.033333333	4.8103679294	281.0
1.30.M01.M.742677	301.277777778	4.60696744086	220.0
2.15.F01.M.743114	278.954545455	4.34335243183	193.0
2.02.M02.M.742149	275.333333333	3.81125477957	178.0
2.27.M02.M.743128	280.0	3.69870655918	169.0
3.29.M01.M.742128	287.12	4.12574195512	182.0
4.07.M03.M.743580	441.714285714	4.75783621281	238.0
2.20.M03.M.742309	436.666666667	4.62024008528	257.0
3.27.M01.M.742996	355.884615385	4.33843723948	212.0
2.21.M01.M.743585	347.333333333	3.79640068172	189.0
2.15.M03.M.743506	410.923076923	5.14941862615	284.0
2.13.M03.M.742212	341.0	4.13911242668	218.0
3.18.M01.M.742392	370.047619048	4.16610816984	196.0
2.28.M03.M.742303	413.25	4.59204228171	240.0
2.01.M01.M.743601	334.903225806	3.84176451439	217.0
1.22.M02.M.742694	235.0	4.37573764185	178.0
4.15.M03.M.743521	390.681818182	4.81239581516	236.0
4.10.M03.M.743016	372.243243243	4.39775032148	249.0
3.25.M01.M.742206	379.285714286	4.02455896283	197.0
3.28.M03.M.742481	325.125	3.67015954397	200.0
2.04.F01.M.743363	270.625	3.71149490155	160.0
2.06.M03.M.743002	412.807692308	3.54796378966	230.0
2.21.M03.M.743365	407.12	4.59103370269	236.0
2.18.F01.M.742805	237.956521739	4.33241678861	171.0
4.23.M03.M.742760	402.0	5.10714935249	292.0
4.06.M03.M.743136	376.0	5.06726790779	262.0
3.15.M01.M.743065	310.105263158	3.62072117032	183.0
2.13.M01.M.743023	418.161290323	4.63551732426	252.0
2.19.F01.M.742736	267.285714286	4.4391991587	193.0
4.22.M01.M.742172	319.12	3.87223764501	199.0
3.02.F01.M.743049	345.235294118	4.37016694527	182.0
1.24.M02.M.742950	287.307692308	3.94345889751	189.0
2.12.F01.M.2200.743503	270.037037037	4.06247773022	193.0
3.01.M01.M.a.742848	317.052631579	2.53146629787	171.0
3.06.M01.M.743371	337.527777778	4.64458048095	243.0
3.08.F01.M.743280	274.5	4.23741833811	174.0
2.22.M03.M.742486	372.916666667	5.05062772452	269.0
2.03.M03.M.742877	284.888888889	4.14657440482	198.0
4.04.M03.M.742977	406.260869565	4.62246914711	236.0
1.17.M03.M.743464	387.275	4.80702113281	266.0
3.12.F01.M.742190	252.25	4.02921750562	166.0
2.01.M02.M.742360	363.565217391	4.29156944994	212.0
2.06.F01.M.743634	247.0	3.9766141261	160.0
4.14.M01.M.742864	306.615384615	3.42848276109	197.0
2.20.F01.M.742492	324.571428571	4.50743349828	176.0
3.25.M03.M.743087	414.25	4.30746203233	241.0
1.29.M01.M.742861	483.375	4.09372341807	216.0
4.07.M01.M.743071	392.043478261	3.45617481497	202.0
4.26.M03.M.743127	298.857142857	4.17725138432	205.0
3.29.M03.M.742750	273.551724138	3.69400098531	195.0
1.22.F01.M.742967	379.875	4.23832359298	224.0
4.30.M03.M.743274	478.0625	4.38063683696	266.0
1.18.M01.M.743307	297.4375	3.33536972462	206.0
3.15.F01.M.742786	258.047619048	4.29140875502	168.0
4.16.M03.M.743207	481.756756757	4.82685178633	292.0
4.10.M01.M.743236	472.028571429	4.76822288657	288.0
4.08.M01.M.742436	279.884615385	2.6638932594	176.0
2.07.M03.M.743052	352.636363636	3.67916076075	209.0
3.07.F01.M.742753	262.375	4.25988428543	173.0
1.23.M03.M.743182	354.161290323	4.57153994287	239.0
3.09.F01.M.743234	241.55	4.49364299551	156.0
4.09.M01.M.742657	314.451612903	2.95580287861	202.0
1.20.M03.M.743434	365.157894737	4.62944197439	255.0
3.14.F01.M.742680	418.428571429	4.24132221196	187.0
2.18.M01.M.742610	317.285714286	4.63947804571	227.0
1.25.M03.M.743066	380.196078431	4.8259375043	287.0
4.16.M01.M.743004	243.222222222	3.64109397423	182.0
1.18.F01.M.743617	348.517241379	4.53315396707	234.0
1.20.F01.M.743283	303.090909091	4.28338166528	219.0
1.23.F01.M.743033	364.0	4.3694687923	202.0
2.01.M03.M.743483	338.947368421	4.48360035845	245.0
3.20.M03.M.743003	290.5	3.70080058719	198.0
2.12.M03.M.743607	291.75	4.02267935088	203.0
4.17.M01.M.743029	310.3	4.19487378932	193.0
2.18.M03.M.743637	375.6	4.96026398371	248.0
3.08.M01.M.742293	318.730769231	2.99962429212	191.0
2.17.M03.M.743106	375.228571429	4.81977904491	253.0
4.11.M01.FH.743404	512.285714286	5.85105593277	349.0
2.09.M01.LH.742920	823.097560976	6.02146720064	532.0
1.31.M03.FH.742733	733.772727273	6.0666476176	459.0
4.18.M03.RH.743578	1295.79439252	6.44940498448	896.0
2.21.M02.RH.742324	1294.47852761	6.00076855578	943.0
4.27.M03.RH.742472	1490.54639175	6.29074555031	1052.0
1.31.F01.LH.742910	649.120689655	4.27970735044	446.0
4.29.M03.LH.743614	1848.45867769	7.10646624985	1293.0
2.17.M01.RH.742858	1000.62921348	6.38179249477	725.0
1.20.F01.H.742963	680.333333333	5.25850736639	487.0
2.28.M02.LH.742352	225.75	2.12016999181	126.0
1.19.M03.RH.742725	1650.27272727	7.84037089482	1223.0
3.08.F01.LH.743259	914.0	6.24749051928	659.0
2.10.M01.RH.742249	759.5	5.57778409756	534.0
1.27.M01.hands.743054	558.75	4.697400443	419.0
4.28.M03.FH.742185	1024.04615385	5.40994156531	796.0
3.01.M03.FH.743149	794.482142857	5.08768307909	510.0
1.21.F01.H.742563	181.0	2.49968734569	55.0
2.12.M03.RH.743093	918.20754717	6.60518955155	583.0
4.08.M03.RH.743017	1437.06040268	6.49961576339	888.0
2.10.F01.LH.743493	662.775	6.10956991047	440.0
2.10.F01.RH.743080	910.25862069	5.09323273565	574.0
2.24.M03.LH.742658	796.666666667	5.689947537	555.0
2.13.M01.RH.742453	1192.65546218	6.97496172671	892.0
2.05.M02.RH.742427	796.132075472	6.03951821388	475.0
2.07.M01.LH.742683	684.825	5.16835698366	431.0
3.19.M01.RH.742513	826.417910448	5.70088042564	547.0
2.15.M03.RH.743134	893.495495495	4.97223904568	650.0
3.27.M01.LH.742496	771.87755102	4.89236529506	489.0
2.09.M02.LH.743010	1023.81818182	6.11948376827	740.0
1.24.M02.hands.742422	1103.7027027	6.4146664512	830.0
4.26.M03.FH.742770	590.522727273	4.866340627	420.0
2.11.M01.RH.743100	676.052631579	6.19200846631	480.0
2.08.M03.RH.742972	891.090909091	6.67011336512	647.0
2.13.M03.FH.743209	683.418604651	4.89293608378	427.0
2.17.M01.FH.743140	403.108695652	1.78905779277	240.0
3.04.F01.RH.742329	667.75	5.4832239591	421.0
2.07.M01.RH.743620	682.857142857	6.22489670741	477.0
2.06.M01.LH.742257	902.166666667	5.95235365946	510.0
2.04.M02.LH.b.743430	966.6	4.25312748953	681.0
2.12.M03.LH.742631	932.30952381	6.76139054857	553.0
1.25.M02.FH.742936	428.279069767	3.49885367642	320.0
2.28.F01.FH.742242	252.666666667	3.06277731438	164.0
2.03.M01.RH.742705	834.651162791	6.21714343255	520.0
4.14.M01.LH.743628	611.894736842	5.3299450399	398.0
4.19.M01.LH.743180	740.481481481	5.71510136844	546.0
2.14.M01.RH.743423	936.88	6.68195441514	700.0
3.09.F01.FH.742275	73.0	0.288823307978	33.0
1.22.M02.hands.742382	1335.84210526	6.19734427532	874.0
2.06.M03.RH.742366	976.842105263	6.99408185147	715.0
3.24.M01.LH.742547	1009.6375	6.77248628704	689.0
1.31.M02.RH.742626	965.838709677	6.68473789682	741.0
2.14.M03.RH.742290	790.382978723	5.6135274281	506.0
3.29.M03.LH.742400	682.956521739	5.67220491827	456.0
3.13.F01.RH.742585	194.882352941	2.83499563501	134.0
1.27.F01.H.743326	557.0	4.56389435238	331.0
2.13.M03.LH.b.742288	1158.5	7.03732685127	756.0
3.10.F01.RH.743559	262.25	1.5699130457	77.0
2.13.M01.LH.743217	1196.26315789	6.49207783078	790.0
2.04.F01.LH.742675	860.833333333	6.15803433562	540.0
2.08.M03.LH.742595	884.764705882	6.91937338064	705.0
2.12.M01.RH.743532	691.358490566	5.44171839693	513.0
2.05.M03.RH.743163	747.7	5.83216337058	457.0
3.19.M01.LH.743330	722.786885246	5.79690225823	509.0
4.10.M01.LH.743549	773.677419355	5.13263356857	418.0
4.23.M03.RH.743039	1165.85714286	5.06004752461	595.0
2.26.M01.FH.742687	758.622222222	5.56197347199	483.0
4.15.M01.LH.742346	690.727272727	6.21353696083	498.0
2.04.M02.FH.743602	585.488372093	3.31886904982	372.0
2.08.M02.FH.742218	477.225352113	3.32381449407	380.0
2.12.M01.LH.742962	711.5	5.51644570588	510.0
2.03.M01.LH.742817	1033.66666667	6.31787008293	519.0
2.20.M03.LH.742902	823.652173913	6.48543298775	603.0
2.15.M01.FH.742903	782.465753425	5.98223299808	588.0
2.19.M02.RH.743214	730.549019608	5.99441979644	478.0
2.02.F01.LH.743069	895.086956522	5.47892732289	595.0
2.07.M03.LH.743470	807.887096774	6.12604457245	587.0
2.12.M01.FH.743216	733.12244898	6.01948317324	502.0
2.19.M03.FH.742292	689.056603774	4.52465723258	443.0
1.28.M01.FH.742584	604.654545455	5.16652443327	396.0
1.28.M01.H.743561	1044.94594595	5.0890271818	688.0
2.22.M03.FH.742638	677.25	5.44983848833	504.0
4.19.M03.LH.743008	819.62962963	5.20962034469	569.0
4.19.M03.RH.742384	743.858695652	5.01987718941	521.0
3.09.F01.LH.743108	188.5	1.840529181	101.0
2.15.M01.LH.742247	1059.61538462	5.67056913632	689.0
1.22.M02.FH.742488	442.775	4.27235865256	314.0
4.08.M03.LH.743548	1626.01863354	6.54610755542	976.0
2.14.M03.LH.743513	875.018518519	6.40318051306	570.0
2.06.M01.RH.742800	721.483870968	5.79409892489	554.0
4.22.M03.RH.743428	1511.84455959	5.98820527176	1025.0
3.20.M03.LH.742461	791.807692308	5.71181340799	509.0
2.09.M01.RH.742720	1005.56603774	6.394441279	645.0
4.08.M03.FH.743472	798.409090909	5.94927562952	642.0
4.18.M03.LH.743589	752.949152542	5.36569940154	576.0
4.30.M03.LH.743312	1042.12820513	4.60084507691	674.0
1.25.M03.FH.743536	755.283018868	4.69249531108	500.0
3.31.M03.RH.742364	877.544554455	6.40739824696	654.0
2.20.M01.FH.742191	1231.19594595	7.29244842927	984.0
4.28.M03.RH.743540	1139.21374046	6.31430902744	862.0
4.14.M03.RH.742202	769.188405797	6.06158219043	546.0
2.07.M02.RH.742170	577.444444444	4.8751105153	313.0
3.30.M03.LH.742792	857.5	6.03729456122	630.0
2.14.M02.RH.742196	1337.61904762	5.03818137044	787.0
1.24.F01.H.742231	853.444444444	6.52855291233	609.0
3.12.F01.RH.742424	1056.12396694	5.6577603406	705.0
2.20.M02.LH.742892	712.406779661	4.95869151577	523.0
2.13.M02.FH.743279	493.58490566	2.67047495421	345.0
4.15.M01.FH.743191	916.09009009	6.33190181282	703.0
1.26.M02.hands.742880	1029.44186047	6.14457003575	562.0
4.10.M01.FH.742652	677.028571429	5.56533493448	391.0
2.26.M03.LH.743110	673.441860465	4.83090440198	434.0
2.26.M01.RH.742483	825.016949153	6.43755382873	564.0
2.15.M02.RH.742274	866.609756098	5.56254721134	643.0
2.16.M02.LH.742617	1076.16483516	5.22947352089	761.0
1.27.M03.FH.742957	1004.77358491	6.6374745475	694.0
4.14.M03.FH.743447	770.875	4.71407978337	394.0
4.20.M03.RH.743198	654.488372093	6.13850629962	441.0
2.04.M01.LH.742322	707.071428571	5.9423042836	441.0
2.20.M01.FH.b.742463	907.5	5.91321526554	511.0
2.16.F01.RH.743543	599.388888889	4.7175119206	414.0
4.05.M03.RH.742556	581.882352941	5.79898210547	425.0
2.16.M01.RH.742221	748.872340426	5.77598065515	461.0
2.13.M02.RH.742742	978.01369863	5.81540596436	654.0
2.18.M01.LH.742835	763.590909091	5.20758315933	566.0
2.20.M01.RH.742572	975.544117647	6.94674134641	662.0
3.22.M03.RH.742881	869.408450704	5.94524182833	603.0
2.01.M02.FH.742882	503.341463415	4.0130017588	349.0
2.24.M01.RH.742386	545.333333333	5.40316573804	376.0
2.11.M01.LH.742133	856.898876404	6.04002661277	596.0
2.07.M03.RH.742406	943.267857143	6.52660093532	595.0
3.12.F01.FH.743089	532.115384615	1.90902439196	280.0
3.15.F01.FH.742873	610.265625	3.47771662804	414.0
2.19.M02.FH.743443	363.885714286	2.9123549056	269.0
2.15.F01.FH.742489	329.791666667	1.62404045998	188.0
1.21.F01.FH.742974	238.2	1.44807905485	165.0
3.15.F01.LH.743496	772.459016393	5.88804270208	475.0
1.26.M01.FH.743260	713.4375	5.21419144814	468.0
4.09.M01.LH.743247	169.0	1.28554700249	91.0
3.27.M01.RH.742344	759.038961039	4.081972086	538.0
2.19.M03.LH.743639	548.042553191	4.43379578188	411.0
1.19.M02.hands.742945	763.838709677	5.53428254916	504.0
3.1.M01.LH.742932	716.303571429	5.86489718842	492.0
4.17.M03.FH.742525	922.295454545	5.89528840022	714.0
3.28.M03.LH.742847	977.046511628	6.30520000189	594.0
4.03.M03.LH.742511	1001.01408451	6.46684642165	677.0
2.14.M02.FH.742437	714.107526882	3.75932699394	519.0
1.27.M03.LH.742421	1291.64516129	6.73166741048	924.0
4.16.M03.LH.742778	964.0	4.53479234506	689.0
4.26.M03.RH.742709	942.529411765	6.57260311907	616.0
2.29.F01.RH.743011	604.346938776	5.32553385594	417.0
2.17.M02.RH.742955	765.527777778	4.81879502306	421.0
4.04.M03.LH.743160	690.875	6.17870650429	489.0
1.30.M03.RH.743615	1108.45192308	6.09070315795	767.0
1.21.M01.FH.742539	834.878787879	6.53737288671	577.0
1.23.M02.hands.743287	966.391891892	6.17135182789	667.0
4.07.M03.FH.743485	802.523255814	5.78542277559	611.0
2.20.F01.LH.743141	667.886363636	5.73856790069	386.0
3.08.M01.RH.743426	526.28125	5.64980857203	325.0
3.18.M01.FH.742542	706.913043478	5.51487276833	331.0
3.21.M03.RH.743187	762.453125	5.70643815528	538.0
4.11.M01.RH.743107	823.681818182	6.5852604398	593.0
4.12.M01.FH.743249	597.75	5.46876829557	379.0
2.14.M01.LF.742471	874.849056604	6.17362097614	488.0
2.27.F01.LH.742764	539.642857143	3.86303232399	418.0
4.04.M03.RH.742465	703.557692308	5.01253461544	462.0
2.03.M02.FH.742927	466.125	4.14336061047	284.0
2.04.M01.RH.742613	467.222222222	5.28113771147	319.0
2.06.F01.FH.742629	442.076923077	2.94771171665	263.0
4.10.M01.LH.b.743020	523.64	4.78067234944	275.0
4.21.M03.LH.742268	1046.0	6.73893402546	728.0
4.15.M03.RH.743143	1000.05217391	5.82975585642	714.0
2.28.M02.FH.742140	390.037037037	3.63351148293	235.0
4.11.M01.LH.743205	580.195652174	5.12161267834	334.0
2.02.F01.RH.742692	1027.12396694	5.43806514792	727.0
4.21.M03.FH.742294	924.583333333	6.29509477839	570.0
2.17.M01.LH.742201	618.184210526	5.31957477154	351.0
2.08.M03.FH.743035	638.47826087	5.27022657654	402.0
4.25.M03.LH.742157	571.8	5.64865753905	394.0
3.22.M03.LH.742935	677.266666667	5.34580006632	486.0
4.25.M03.RH.742842	704.227272727	5.71524871258	457.0
3.10.M01.LH.742211	582.5	5.98380878639	415.0
3.19.M03.RH.742609	573.163265306	5.38797832711	415.0
4.13.M01.RH.b.742498	477.279069767	5.50595314917	314.0
2.08.F01.LH.742207	523.363636364	4.6550465787	335.0
2.01.F01.LH.742237	452.285714286	4.28031237346	308.0
4.01.M03.RH.743533	1346.60869565	5.42032434848	753.0
2.18.M01.RH.743406	729.084745763	6.3114987582	532.0
3.29.M03.FH.743097	1224.12418301	5.98439445686	865.0
2.11.M01.FH.742690	611.571428571	4.42822097807	415.0
3.21.M03.LH.743012	664.738095238	5.76781449044	423.0
1.23.M02.FH.743645	320.75	3.86091433458	232.0
2.05.M01.FH.743334	645.133333333	6.12407897031	432.0
2.26.F01.FH.742956	379.0	2.59057551263	288.0
4.07.M01.FH.743366	734.107142857	5.325852403	335.0
2.29.M02.LH.743492	464.571428571	4.21447608677	303.0
4.11.M03.FH.743501	769.571428571	5.60000568177	526.0
2.29.M01.RH.743454	692.037735849	5.84456837219	484.0
2.01.M02.LH.743190	699.35	5.23408924952	490.0
1.31.M01.RH.742840	706.844827586	5.85323411098	493.0
1.27.M02.hands.742510	1067.47826087	6.75908689438	796.0
1.12.M03.LH.743520	720.296875	6.24604883444	514.0
4.20.M01.FH.742701	418.6875	5.33886236042	264.0
1.24.M03.FH.742326	903.506329114	5.43705305522	681.0
3.22.M01.RH.743067	851.018518519	6.43531787214	546.0
2.18.M02.RH.743286	644.147058824	5.71718440756	499.0
4.21.M01.LH.742224	639.666666667	5.4496855397	408.0
1.25.M01.FH.743473	494.87804878	5.203221918	335.0
4.06.M03.FH.743055	924.553571429	5.61283888144	614.0
1.20.F01.FH.742315	222.473684211	1.57395806883	158.0
2.12.F01.FH.2200.743109	338.136363636	2.58203860146	212.0
1.29.M02.FH.743465	481.03030303	4.0937820396	337.0
3.10.M01.RH.743431	664.153846154	5.75932106515	389.0
2.14.F01.FH.742518	314.0	1.22905703053	176.0
3.07.F01.LH.743102	754.568965517	5.29705781173	538.0
1.20.M01.RH.743251	611.25	4.63729009667	330.0
3.04.F01.LH.743268	551.529411765	5.16006346814	338.0
3.31.M01.RH.742598	556.875	5.88830828657	414.0
1.26.M01.H.742502	647.928571429	5.52344646842	443.0
2.20.M03.RH.742245	802.940298507	6.3796566713	601.0
3.09.F01.RH.742271	157.5	1.48385530377	96.0
2.08.M02.LH.743077	536.0	3.40135912974	366.0
2.09.F01.LH.1020P.743292	819.285714286	4.40182830123	533.0
2.09.F01.LH.629A.742758	938.451612903	5.21459728554	502.0
3.15.F01.RH.743081	799.596491228	6.05668525298	501.0
4.23.M03.FH.742467	1192.425	5.49515594052	729.0
2.06.M01.FH.743482	769.872340426	6.54376692452	482.0
2.05.M01.RH.743031	684.736842105	5.89906660303	410.0
1.29.M03.FH.742688	510.935483871	4.20266826021	314.0
2.17.M02.LH.743525	723.394736842	5.1221805446	471.0
3.21.M01.LH.743604	656.684210526	5.71725394592	458.0
3.11.M01.FH.743568	768.166666667	5.00181767543	558.0
4.26.M03.LH.742768	637.519230769	6.35439842328	445.0
2.21.F01.RH.743497	629.47826087	5.22091343013	393.0
4.18.M01.FH.742622	737.117647059	6.20042997618	497.0
1.20.M01.FH.743188	506.717948718	5.43165210928	308.0
2.01.M02.RH.743133	972.172131148	6.40662190612	741.0
1.24.M03.LH.743606	1542.09392265	8.03182959394	1253.0
2.10.M02.FH.742396	563.25	3.302063122	285.0
3.26.M03.FH.742668	627.651162791	5.71804911159	411.0
3.20.M03.FH.742982	554.695652174	5.5359947158	378.0
1.20.M02.hands.743396	1158.91089109	6.27677306964	794.0
3.09.M01.LH.742446	600.684210526	5.79898558896	442.0
2.17.M03.RH.742226	699.722222222	5.21970984416	490.0
2.03.M03.FH.742612	413.965517241	4.64551304815	260.0
3.14.F01.LH.742697	488.386363636	3.22235323732	342.0
2.16.F01.FH.742561	387.034482759	2.41097018806	252.0
4.01.M03.FH.743305	726.739130435	5.91621753694	556.0
1.29.M01.hands.743382	590.0	5.65464290052	418.0
2.24.M01.FH.742334	368.533333333	4.89497891631	238.0
3.16.M01.LH.743221	602.288135593	5.40381723035	435.0
4.18.M01.LH.742189	672.266666667	5.21292337821	481.0
3.06.M01.RH.743351	773.105263158	6.12163390617	574.0
4.09.M01.FH.742281	613.717391304	5.8328389267	420.0
4.17.M03.LH.743417	826.604395604	6.18051430294	665.0
2.26.M03.RH.742319	765.358974359	6.24403871923	594.0
4.27.M03.FH.742210	1226.04724409	7.43094630952	965.0
4.13.M03.RH.743511	739.5	6.25822835544	507.0
4.29.M03.RH.742478	1892.6119403	7.1700668232	1229.0
4.10.M03.FH.742814	853.25	5.96436270973	491.0
4.21.M01.FH.743537	661.0	5.7740300975	402.0
4.22.M01.FH.742359	514.027027027	4.7536595536	343.0
3.14.F01.FH.742413	521.391304348	2.73549240839	284.0
4.20.M01.LH.743517	267.25	2.21414318838	160.0
2.10.M02.LH.743038	709.108695652	4.62854948231	479.0
2.29.M01.FH.743185	756.23255814	5.7512768465	430.0
1.31.M02.FH.742313	545.022222222	4.18887192916	381.0
3.28.M03.FH.743320	737.75	5.1373998377	416.0
2.27.F01.RH.742519	449.446808511	3.58508585362	342.0
2.03.F01.RH.743242	975.020833333	6.56936330464	597.0
4.18.M01.RH.743605	749.583333333	5.3550835718	435.0
4.24.M03.LH.742393	855.621621622	5.97305310437	481.0
3.02.M03.LH.742147	1209.63392857	4.38052887378	689.0
1.21.M02.FH.742259	504.790697674	3.90579216607	355.0
4.27.M03.LH.742163	1790.20588235	8.40809406264	1297.0
3.5.M01.LH.742166	491.0	5.32688317032	372.0
2.02.M02.RH.a.743290	430.4	3.92905835438	248.0
3.15.M01.FH.743137	503.8	4.36946079059	264.0
3.19.M03.LH.742995	501.5	4.38972689329	332.0
2.18.M02.LH.742928	680.887096774	4.79941985781	460.0
2.12.F01.LH.9A.743257	354.05	4.12818850929	219.0
2.10.M01.FH.743603	1116.69148936	6.50354509938	764.0
4.12.M03.LH.742618	587.12244898	2.97395924449	334.0
1.25.M02.hands.742863	1129.02247191	6.30400029864	768.0
3.23.M01.FH.742528	569.617647059	5.28469154089	323.0
3.05.F01.RH.742423	577.264150943	5.01341925304	438.0
3.27.M01.FH.743391	518.135135135	5.30350715344	295.0
4.10.M03.RH.743138	536.346938776	3.45977346526	349.0
2.20.M02.FH.742673	394.243243243	3.25780362004	286.0
1.23.M01.FH.742940	696.441176471	5.33204070223	402.0
2.22.M01.RH.743588	712.611111111	5.09553834942	459.0
1.30.M02.RH.743120	497.684210526	3.95417544149	346.0
4.26.M03.RH.b.743253	961.416666667	7.0725805985	671.0
3.27.M03.FH.742924	508.06	5.28584629465	370.0
2.01.M03.FH.743452	562.65	5.1363500479	372.0
4.07.M03.LH.742552	1076.81111111	7.30754320276	814.0
1.31.M03.LH.742804	750.559322034	6.10330503464	543.0
2.15.M02.LH.743043	746.940298507	4.17341151577	530.0
3.19.M03.FH.743215	551.029411765	5.20760212665	348.0
3.26.M03.RH.742176	865.482142857	5.80200235318	581.0
2.10.M01.LH.742589	866.285714286	6.13519400971	552.0
2.07.F01.FH.742803	338.12	2.4071622385	218.0
2.14.M03.FH.743630	660.878787879	5.15246408712	487.0
1.31.M01.LH.742695	711.708333333	5.5502446003	482.0
4.04.M03.FH.743156	540.0	5.20196501015	354.0
3.18.M01.LH.743528	754.018181818	6.34627298084	511.0
4.03.M03.FH.743121	421.885714286	4.95267054042	315.0
2.15.M02.FH.742282	341.227272727	2.83677197394	262.0
1.28.M02.FH.742952	530.05	4.55532359699	405.0
3.23.M01.LH.742852	847.0	6.03585732125	420.0
4.19.M01.RH.743441	779.849056604	6.08212802243	512.0
2.06.M02.FH.743475	312.666666667	2.82248059706	218.0
4.03.M03.RH.743385	944.333333333	6.23149921163	626.0
3.05.M01.FH.742839	535.181818182	5.28850084733	340.0
3.18.M03.FH.742700	462.529411765	4.81394709645	314.0
2.19.F01.LH.742327	588.622222222	5.88054468862	408.0
2.21.M01.RH.742553	887.388888889	6.39797575227	611.0
3.5.M01.RH.743445	516.882352941	5.70581013559	360.0
1.24.M01.H.742646	591.078947368	4.10876511971	367.0
4.07.M03.RH.742645	1337.16494845	7.30225507022	960.0
1.30.M01.FH.742824	606.886792453	5.87498931531	418.0
1.24.M03.RH.743304	1279.59504132	7.14101225257	975.0
1.18.M03.RH.743314	713.045454545	4.73837585054	513.0
4.21.M03.RH.743439	954.454545455	6.96265322546	628.0
3.23.M01.RH.742964	877.967213115	6.44578550606	555.0
4.15.M01.RH.743622	712.762711864	5.90970400481	475.0
2.28.M02.RH.742746	501.129032258	4.0112809453	297.0
2.19.M01.FH.742625	372.038461538	4.16457034028	218.0
3.31.M03.LH.743331	820.178082192	6.51802622014	614.0
2.29.F01.LH.742826	516.857142857	5.30415583117	335.0
3.08.M01.LH.742258	588.307692308	5.71352902286	295.0
4.20.M03.FH.742711	597.571428571	4.71133897168	401.0
2.18.M03.RH.743388	513.27027027	5.2957994492	360.0
4.05.M03.LH.743504	562.763157895	5.47444793508	378.0
2.22.M02.LH.742325	658.677419355	4.96944125993	384.0
2.08.M02.RH.743488	490.454545455	4.09424850772	325.0
2.24.M03.RH.743178	598.857142857	5.41426225417	393.0
3.31.M01.FH.743505	681.5625	5.44744134916	458.0
1.19.M03.LH.742575	1136.28571429	6.65094774487	622.0
3.2.M01.LH.742219	627.058823529	5.6015646036	388.0
2.17.F01.LH.743538	749.534883721	5.8777934672	450.0
3.12.M01.LH.DENTIST.743412	495.136363636	3.74872654993	261.0
2.05.M01.LH.742433	847.023255814	6.10787602767	497.0
4.22.M03.LH.743518	1409.52307692	5.92472626482	817.0
2.12.M02.RH.742342	362.058823529	3.37708380324	276.0
4.13.M03.FH.743048	634.023255814	5.68010958036	436.0
2.07.M02.LH.742587	716.441860465	4.64984645906	428.0
2.08.F01.RH.743272	506.571428571	4.53684153223	369.0
1.27.M03.RH.743296	1178.61111111	7.78596446664	939.0
1.29.M03.RH.743212	1406.15555556	6.85814215745	1065.0
2.22.M01.FH.742734	726.048387097	5.47319921284	526.0
1.20.M02.FH.743301	569.037037037	4.49982482067	359.0
4.11.M03.RH.742544	1013.64935065	7.19656586676	750.0
3.31.M03.FH.742439	1055.76415094	6.53180001451	743.0
3.15.M01.RH.743313	648.522727273	5.94948941296	421.0
4.19.M01.FH.743342	528.214285714	5.07576857439	318.0
4.28.M03.LH.742527	1260.1875	6.65513437	898.0
2.16.M01.LH.742387	640.127659574	4.49755430908	439.0
4.12.M03.RH.743467	924.245283019	3.66323033696	453.0
2.09.F01.RH.630A.742171	658.391304348	4.02409277005	305.0
2.03.F01.FH.742154	497.935483871	2.97892076058	301.0
4.16.M03.RH.742250	1291.65359477	5.3406931361	821.0
2.06.M03.FH.742443	527.738095238	3.72499847278	352.0
2.23.M03.RH.742529	788.76	4.00180950252	539.0
4.10.M03.LH.742862	656.892857143	4.35825732085	460.0
3.31.M01.LH.743575	923.9375	5.30047685644	652.0
3.1.M01.RH.742914	647.5625	5.87522572808	424.0
1.23.F01.H.742499	1127.62096774	6.62044688913	826.0
3.01.M03.LH.743346	683.158730159	4.95727693829	471.0
4.15.M03.LH.743623	1041.05660377	5.75769014107	701.0
3.23.M03.FH.743175	895.049180328	6.22985075205	628.0
4.23.M03.LH.743384	980.5	5.08236591473	583.0
2.01.F01.FH.742165	296.789473684	1.98447088155	194.0
3.23.M03.LH.742567	918.358490566	6.64186471462	611.0
2.21.M01.LH.743282	741.222222222	6.01215536134	476.0
4.24.M01.FH.743587	628.5	5.76967522128	399.0
2.02.F01.FH.742407	546.044776119	3.14902038281	417.0
2.22.M03.RH.743519	857.333333333	3.57536198387	528.0
1.21.M02.hands.742495	838.0	5.26134198432	617.0
1.30.M02.LH.742340	742.737704918	5.24691903302	496.0
2.23.M03.FH.742600	585.909090909	4.77828912609	419.0
1.13.M03.RH.742958	851.611111111	5.53742259427	658.0
3.25.M03.LH.742767	664.642857143	4.46220018432	457.0
1.25.F01.H.742663	684.630769231	4.80798712088	479.0
1.31.M02.LH.742343	1130.36305732	6.44619797137	878.0
2.11.M03.RH.743455	956.448275862	6.81517162175	637.0
2.14.M02.LH.742765	1031.66423358	4.87221583739	730.0
1.23.F01.FH.743228	475.5	1.63463542727	308.0
1.28.M02.hands.742535	656.544117647	5.43775389353	490.0
2.15.M03.FH.742134	804.318181818	5.14886729488	552.0
1.14.M03.LH.743627	1548.72413793	7.40328830932	1150.0
4.14.M03.LH.742931	751.8	6.19418869915	558.0
4.06.M03.LH.742470	771.826086957	6.19434099077	509.0
3.06.F01.RH.743153	721.888888889	4.78070683558	566.0
3.25.M03.RH.742205	528.857142857	4.21053490684	345.0
3.08.F01.RH.743612	839.690265487	5.45738460082	638.0
3.24.M01.RH.742158	997.842105263	6.68793916388	598.0
2.02.M02.LH.742355	1071.36633663	6.21343899152	773.0
2.18.M03.FH.743489	544.0	4.73242422661	372.0
1.26.M03.RH.743150	710.694736842	3.76556434476	497.0
3.21.M01.RH.742429	797.0	6.03325590346	463.0
2.16.M02.FH.742442	587.09375	3.02131017348	341.0
2.21.F01.LH.742169	718.625	5.30291322654	360.0
1.26.F01.H.742287	898.567567568	6.52898559368	616.0
1.17.M03.RH.742891	846.101265823	4.66032503914	584.0
4.25.M01.LH.742444	292.05	1.99349685264	157.0
2.15.M03.LH.742317	922.975903614	6.13804503842	688.0
2.13.M02.LH.742508	796.0	5.15486059325	596.0
2.23.M03.LH.742951	754.245283019	2.53745977267	375.0
3.02.M03.RH.742726	942.101010101	4.94710360429	578.0
2.18.F01.FH.742298	278.451612903	1.63103628194	196.0
2.21.M02.FH.742660	534.666666667	3.39740374783	378.0
3.20.M03.RH.743219	693.196078431	6.0299761259	477.0
1.25.M02.RH.742976	1077.87368421	6.45100697515	781.0
3.18.M03.RH.742376	861.0625	6.52760184695	598.0
4.29.M03.FH.743189	720.595744681	5.4101339093	486.0
4.11.M03.LH.742530	1026.54545455	6.39189151249	761.0
4.24.M03.FH.743581	748.681818182	5.6741098509	510.0
4.14.M01.RH.743378	630.571428571	5.73460272039	432.0
4.25.M03.FH.742203	681.283018868	5.47646737853	459.0
4.02.M03.RH.742827	871.589285714	6.34137555767	670.0
4.01.M03.LH.743122	1080.27184466	5.13141172689	639.0
1.26.M03.LH.743181	892.027522936	4.93157649595	679.0
2.02.M02.RH.743074	1047.53061224	5.99714363374	822.0
3.12.F01.LH.742969	1117.44347826	6.5189361119	768.0
2.02.M01.RH.742328	417.621621622	3.29219015023	302.0
4.30.M03.RH.742784	680.0	2.83284970145	481.0
2.09.M02.FH.742988	330.888888889	3.32235423365	244.0
4.02.M03.LH.742232	973.238938053	5.9361907141	700.0
2.21.M03.LH.742173	907.6	6.2757023812	664.0
1.17.M03.LH.742533	692.652173913	5.49019466388	535.0
2.12.M03.FH.742641	664.765957447	5.28636110973	427.0
1.16.M03.LH.743393	650.857142857	4.07851920574	506.0
3.06.M01.LH.742291	816.285714286	5.43464628945	534.0
1.31.F01.RH.743558	878.88	6.42100268116	642.0
1.20.M03.LH.743619	805.1875	6.10784793364	586.0
3.11.F01.RH.743036	695.513888889	5.28926182442	496.0
3.26.M03.LH.742639	921.337837838	6.50930675103	636.0
3.08.F01.FH.742466	562.0	2.27060807095	355.0
2.17.M03.FH.743195	636.52	4.29546522286	416.0
2.21.M03.RH.743318	732.233333333	5.33806042204	565.0
1.14.M03.RH.742818	685.849056604	5.59651499638	475.0
3.16.M01.RH.742253	492.82	4.92346394453	364.0
2.21.M02.LH.742474	654.014285714	3.60245325924	439.0
3.27.M03.LH.742455	974.008333333	5.92111554619	737.0
2.17.F01.RH.743421	768.535714286	5.25000926023	411.0
4.23.M01.LH.742954	197.272727273	1.32122107812	99.0
2.01.M03.RH.743591	800.739130435	4.14428751527	535.0
2.21.M03.FH.743478	595.0	4.45719492816	452.0
2.12.M02.FH.743573	384.636363636	2.98905215679	255.0
4.06.M03.RH.742885	891.951612903	6.79338717092	635.0
4.17.M01.LH.742431	602.534883721	4.81259390297	373.0
1.23.M03.RH.742696	1037.6779661	6.52029339197	697.0
2.12.M02.LH.743072	513.682926829	3.94315678607	351.0
1.24.M01.FH.742717	590.625	4.58417105747	303.0
1.29.M02.hands.742593	730.285714286	5.31095694833	537.0
3.16.M01.FH.742930	603.478873239	4.80522854684	431.0
1.23.M03.LH.743600	1060.70175439	6.81558150875	701.0
1.22.M01.FH.742531	527.222222222	4.51502767922	379.0
3.22.M01.FH.742349	821.518518519	5.8919370883	588.0
1.13.M03.LH.742526	896.145631068	6.37652098768	701.0
1.25.M03.LH.742732	1151.36036036	6.75492878947	855.0
4.23.M01.FH.742606	223.75	1.53322509856	124.0
3.30.M03.FH.742546	888.096385542	5.24780339836	554.0
4.17.M01.FH.742363	680.084745763	5.81847824468	483.0
2.19.M03.RH.742335	628.2	4.44396366927	472.0
1.30.M03.LH.742248	816.592592593	5.60016555565	611.0
2.27.M02.FH.742614	355.305084746	2.92044379982	307.0
2.12.F01.FH.9A.743350	311.04	2.10690558976	194.0
1.28.F01.H.742277	440.222222222	4.67362823389	328.0
2.17.F01.FH.743560	375.790697674	1.74393585297	256.0
2.18.M03.LH.742304	615.306122449	4.85469021973	411.0
3.02.M03.FH.742141	1033.14583333	6.08548569053	606.0
3.04.F01.FH.742162	696.111111111	3.1073073139	371.0
2.28.F01.RH.743405	764.766233766	6.02129272268	576.0
2.24.M01.LH.742797	463.487179487	5.27245659984	334.0
2.16.F01.LH.743184	888.0	6.18047453172	502.0
1.25.M01.hands.743050	707.285714286	5.72528163312	514.0
2.17.M03.LH.742985	680.826086957	5.48084033383	457.0
1.19.M02.FH.742264	769.244186047	5.40202721892	584.0
2.22.M01.LH.743641	539.282608696	5.21110401519	357.0
2.28.M01.LH.743111	445.75	3.24685128389	307.0
3.28.M03.RH.742143	907.844827586	6.04362392906	608.0
2.11.M03.LH.742129	830.777777778	6.37199141298	571.0
2.04.M03.FH.742615	291.615384615	1.55161037317	182.0
4.18.M03.FH.743387	728.5	4.56199753327	487.0
4.02.M03.FH.742517	1031.18181818	6.46014826567	609.0
3.12.M01.RH.DENTIST.742254	757.365853659	5.98328943417	451.0
1.27.M02.FH.742174	483.055555556	4.12809700454	370.0
2.19.M01.LH.742397	720.323943662	4.86639756336	518.0
1.22.F01.H.742241	552.65	5.80116770674	383.0
4.30.M03.FH.742565	562.027027027	4.97559219889	391.0
4.09.M01.LH.b.743197	582.965517241	4.11077599674	320.0
3.18.M03.LH.742284	738.158730159	5.75804780634	526.0
3.30.M03.RH.743148	597.846153846	5.53545213607	492.0
2.29.M02.FH.742454	394.2	3.18861829569	234.0
2.07.M03.FH.742681	303.0	1.59864654662	198.0
2.27.M03.FH.743068	615.181818182	5.35879077714	432.0
1.26.M03.FH.742220	742.88372093	5.31687626353	483.0
1.30.M01.LH.742270	669.25	5.46998454752	468.0
2.19.F01.FH.743340	330.108108108	1.61616677749	229.0
2.01.F01.RH.742627	521.161290323	4.43004400963	306.0
2.20.M03.FH.742647	573.136363636	5.08417808076	352.0
4.06.M01.FH.742890	741.34375	5.86125760548	406.0
2.07.M01.FH.742691	688.976744186	5.95870377073	415.0
2.21.M01.FH.743000	713.375	5.15775915101	434.0
1.30.M02.FH.742435	560.444444444	4.57801393745	449.0
2.26.M03.FH.742193	753.019607843	6.12424817149	519.0
3.01.M01.FH.743376	567.118644068	5.74887143894	425.0
4.17.M03.RH.742730	719.029411765	4.98398164159	453.0
4.06.M01.RH.743344	477.794117647	5.02663206414	338.0
3.05.F01.FH.742573	465.447368421	3.13184470468	319.0
1.12.M03.RH.742280	827.893617021	5.9607069975	515.0
3.06.M01.FH.743512	719.641791045	5.43224276053	495.0
2.17.M02.FH.742712	346.5	3.03588941435	219.0
2.28.M01.FH.743642	660.568181818	6.01670323558	420.0
2.29.M01.LH.742468	639.076923077	4.71114931355	386.0
4.22.M01.LH.743070	574.677419355	5.27382923868	352.0
1.31.F01.FH.743201	423.033333333	1.20724152351	234.0
2.22.M03.LH.743556	599.542372881	3.36103464653	373.0
2.27.M01.LH.742871	666.162162162	5.45416597435	356.0
1.26.M02.FH.742608	608.042857143	5.0904463241	463.0
2.10.M02.RH.742549	854.9375	5.47195264632	508.0
1.30.M03.FH.743487	716.632183908	5.48439698276	521.0
3.06.F01.LH.742459	639.919191919	3.96344522902	479.0
2.01.M01.RH.742354	617.069767442	5.49378479992	416.0
2.26.M01.LH.743302	430.5	4.88354660783	245.0
3.14.F01.RH.742131	388.344827586	4.11591721706	271.0
1.16.M03.RH.743582	541.526315789	3.46005561824	366.0
3.29.M03.RH.743130	751.886363636	5.31911112268	508.0
1.22.M03.LH.742761	603.6	4.67702436006	466.0
1.18.M03.LH.742656	1095.37931034	4.45646596612	826.0
2.13.M01.FH.742666	665.568181818	5.88900673545	425.0
4.22.M01.RH.743479	164.0	0.786116987442	79.0
4.20.M01.RH.742279	177.615384615	1.32040487413	98.0
4.21.M01.RH.742773	264.0	2.31406477062	124.0
2.29.M02.RH.742388	176.789473684	2.03044324102	107.0
1.22.F01.FH.743094	349.37037037	1.90003876452	214.0
2.13.F01.RH.743332	1154.37168142	5.92020693058	833.0
3.07.F01.FH.742816	591.181818182	2.7161336954	388.0
3.01.M03.RH.743263	608.949152542	4.61007768457	417.0
1.27.M01.FH.742179	511.4	4.56202375969	356.0
2.05.M03.LH.742449	397.363636364	2.69598182085	219.0
2.09.F01.FH.630A.742763	344.717948718	2.74291549845	251.0
3.08.M01.FH.742828	407.75	5.48883068167	294.0
3.15.M01.LH.743476	598.65625	5.14227466427	316.0
1.18.M01.FH.742809	505.638297872	3.46151461497	346.0
1.25.F01.FH.742308	206.096774194	2.04024675129	149.0
3.10.M01.FH.743644	503.576923077	4.78465923759	273.0
3.24.M01.FH.742796	548.636363636	4.88398283279	310.0
2.27.M01.FH.743316	256.8	2.23566188886	177.0
1.23.M03.FH.742795	726.21875	5.47955381263	377.0
2.24.F01.FH.742401	557.894736842	3.17543519653	265.0
2.04.F01.FH.742854	286.047619048	1.85900770317	187.0
1.30.F01.FH.743564	198.4	0.861611412023	139.0
4.24.M01.RH.743270	569.416666667	4.6451059621	361.0
3.19.M01.FH.743199	602.228571429	5.51071216021	370.0
1.24.F01.FH.743152	283.033333333	1.32252510329	193.0
3.05.F01.LH.742167	507.27027027	4.50425062043	354.0
1.29.M03.LH.742722	552.169491525	4.94848088476	425.0
3.12.M01.FH.742715	511.886363636	5.11705083354	383.0
2.24.M03.FH.742506	810.837837838	5.59243023467	454.0
2.14.F01.RH.742448	681.615384615	5.86779974111	437.0
1.22.M03.RH.742208	397.6	3.60560450213	278.0
2.07.F01.RH.743281	461.035714286	4.26513272476	318.0
3.25.M01.RH.743370	793.163265306	5.41130459067	500.0
3.02.F01.FH.742353	264.0	0.953886221091	110.0
4.17.M01.RH.743092	461.857142857	3.3721387415	335.0
3.11.F01.LH.742838	318.0	3.50159610056	175.0
4.08.M01.LH.742460	243.153846154	0.838805446228	107.0
1.29.F01.FH.743534	316.9375	2.36657397728	166.0
4.07.M01.RH.743401	185.526315789	0.928790267759	113.0
2.27.F01.FH.742823	318.37037037	1.82429992775	210.0
1.26.F01.FH.742843	513.0	3.40544707158	380.0
2.20.F01.FH.742607	356.525	2.6629851776	263.0
1.27.F01.FH.742372	226.125	1.19713381001	140.0
3.02.F01.RH.743364	120.333333333	0.477668959009	36.0
4.08.M01.RH.742380	269.0	1.0353824219	104.0
2.27.M01.RH.743638	290.823529412	2.27087691055	207.0
3.11.F01.FH.743164	469.441176471	1.8992849012	280.0
3.13.F01.FH.742244	175.0	2.15290475392	109.0
1.29.F01.H.743213	255.235294118	3.01225442743	158.0
2.22.F01.FH.743090	188.666666667	1.93026512023	107.0
3.10.F01.LH.742678	119.833333333	1.96396740523	94.0
3.10.F01.FH.743444	248.666666667	1.70179189237	91.0
2.22.M02.RH.743243	247.5	2.72984731652	156.0
2.05.M02.FH.743157	116.0	0.67613338777	83.0
3.11.M01.RH.743491	180.55	0.717925057763	109.0
1.28.F01.FH.743218	166.0	0.968061928294	76.0
3.02.F01.LH.742883	104.5	0.0766562930393	28.0
3.11.M01.LH.743427	234.882352941	1.31721483612	141.0
